Line  1740
  13:38:21.0 15.445226 10 1.455 222.337 252.048 220.630 173.089 56.298 1.670 5.514 29.093 55.687 72.981 83.494 89.178 87.709 79.783 67.183 51.817 36.014 22.076 11.841 6.053 3.727 3.105 3.111 3.278 2.000 6.217 10.892 16.073 21.817 28.184 35.242 43.066 51.739 61.353 72.009 83.822 96.917 111.433 127.523 145.359 165.131 187.047 211.342 238.273 268.125 301.217 337.899 378.561 421.315 3.412 0.9613929 0.0073162 0.0006016 0.0011245 0.0022708 0.0186021 0.8018515 0.1103802 0.0176731 0.0064102 0.0044199 0.0035918 0.0030171 0.0026762 0.0024826 0.0023550 0.0022442 0.0021013 0.0019487 0.0021331 0.0025201 0.0015260 0.0005181 0.0001029 0.0000135 
  13:38:21.6 15.722633 10 1.446 260.371 299.397 261.015 205.592 75.041 2.177 3.202 27.648 61.858 84.808 98.846 107.569 108.683 101.967 88.881 71.205 51.479 32.762 17.748 8.337 4.246 3.100 3.021 3.217 2.000 6.217 10.892 16.073 21.817 28.184 35.242 43.066 51.739 61.353 72.009 83.822 96.917 111.433 127.523 145.359 165.131 187.047 211.342 238.273 268.125 301.217 337.899 378.561 421.315 3.419 0.9601768 0.0070584 0.0003313 0.0005818 0.0011031 0.0138862 0.7058793 0.3276307 0.0260283 0.0050571 0.0029646 0.0022966 0.0018814 0.0016267 0.0014828 0.0014058 0.0013740 0.0013641 0.0013377 0.0013467 0.0017229 0.0016562 0.0006927 0.0001578 0.0000192 
  13:38:22.2 16.676646 10 1.427 298.797 349.602 304.732 226.955 92.718 2.921 2.612 29.173 72.426 103.174 121.500 133.352 138.285 134.571 122.144 102.503 78.153 52.575 29.778 13.527 5.516 3.127 2.835 3.062 2.000 6.217 10.892 16.073 21.817 28.184 35.242 43.066 51.739 61.353 72.009 83.822 96.917 111.433 127.523 145.359 165.131 187.047 211.342 238.273 268.125 301.217 337.899 378.561 421.315 3.351 0.9601687 0.0069094 0.0002158 0.0003709 0.0007730 0.0124760 0.6100583 0.5198140 0.0242109 0.0030055 0.0016452 0.0013060 0.0011077 0.0009621 0.0008669 0.0008155 0.0008003 0.0008172 0.0008592 0.0009143 0.0010969 0.0015661 0.0009565 0.0002509 0.0000309 
  13:38:22.8 13.339418 4 1.869 60.342 48.490 20.156 6.889 4.146 3.480 4.768 8.849 12.612 13.837 13.664 12.948 11.873 10.334 8.370 6.387 4.901 4.083 3.747 3.655 3.664 3.705 3.742 3.766 2.000 6.217 10.892 16.073 21.817 28.184 35.242 43.066 51.739 61.353 72.009 83.822 96.917 111.433 127.523 145.359 165.131 187.047 211.342 238.273 268.125 301.217 337.899 378.561 421.315 3.766 0.9288161 0.0144966 0.0158507 0.0799959 0.3044768 0.3036112 0.3393529 0.2281027 0.1024315 0.0637364 0.0533366 0.0454366 0.0349989 0.0241680 0.0156371 0.0108940 0.0097076 0.0084267 0.0049513 0.0021744 0.0008661 0.0002581 0.0000465 0.0000074 0.0000029 
  13:38:23.4 10.721344 10 2.310 70.597 39.265 3.687 4.143 15.892 17.513 7.324 2.555 5.755 11.331 14.797 15.834 15.159 13.153 10.206 7.202 5.112 4.147 3.841 3.752 3.740 3.772 3.812 3.840 2.000 6.217 10.892 16.073 21.817 28.184 35.242 43.066 51.739 61.353 72.009 83.822 96.917 111.433 127.523 145.359 165.131 187.047 211.342 238.273 268.125 301.217 337.899 378.561 421.315 3.840 0.9202240 0.0128623 0.0250622 0.5267564 0.3467262 0.0556353 0.0449713 0.1416635 0.4754104 0.1360494 0.0468129 0.0266787 0.0193170 0.0144336 0.0102928 0.0069540 0.0052207 0.0052509 0.0042678 0.0022492 0.0009255 0.0002762 0.0000493 0.0000071 0.0000032 
  13:38:24.1 7.900743 10 2.969 46.529 19.598 1.993 10.180 25.678 25.073 10.701 1.785 4.109 10.701 14.393 13.680 10.469 6.770 4.105 2.990 2.976 3.334 3.624 3.790 3.879 3.913 3.912 3.901 2.000 6.217 10.892 16.073 21.817 28.184 35.242 43.066 51.739 61.353 72.009 83.822 96.917 111.433 127.523 145.359 165.131 187.047 211.342 238.273 268.125 301.217 337.899 378.561 421.315 3.893 0.9050813 0.0274464 0.0745936 0.7971756 0.0925937 0.0280850 0.0289531 0.0845728 0.5855645 0.1682403 0.0430022 0.0215496 0.0176500 0.0163998 0.0134934 0.0095115 0.0101606 0.0075978 0.0034109 0.0012894 0.0003923 0.0000780 0.0000115 0.0000035 0.0000014 
  13:38:24.7 6.680229 10 3.410 36.360 12.903 1.806 12.741 29.168 27.980 12.000 1.559 3.711 10.814 14.471 12.838 8.615 4.673 2.653 2.328 2.758 3.233 3.531 3.716 3.826 3.865 3.858 3.840 2.000 6.217 10.892 16.073 21.817 28.184 35.242 43.066 51.739 61.353 72.009 83.822 96.917 111.433 127.523 145.359 165.131 187.047 211.342 238.273 268.125 301.217 337.899 378.561 421.315 3.831 0.8868400 0.0439977 0.1637928 0.8082599 0.0655192 0.0209152 0.0226826 0.0680161 0.6178677 0.1726389 0.0381132 0.0183082 0.0162238 0.0169690 0.0144913 0.0115909 0.0129141 0.0070176 0.0027229 0.0009298 0.0002361 0.0000384 0.0000070 0.0000028 0.0000008 
  13:38:25.2 6.156508 10 6.299 14.460 9.161 2.140 6.769 16.279 16.625 6.932 1.630 4.648 10.008 11.196 8.625 5.338 3.269 2.602 2.767 3.143 3.390 3.552 3.721 3.863 3.931 3.936 3.920 2.000 6.217 10.892 16.073 21.817 28.184 35.242 43.066 51.739 61.353 72.009 83.822 96.917 111.433 127.523 145.359 165.131 187.047 211.342 238.273 268.125 301.217 337.899 378.561 421.315 3.907 0.7838080 0.1542484 0.2654622 0.6807973 0.1898111 0.0612975 0.0567963 0.1433219 0.5895629 0.1326630 0.0416589 0.0279508 0.0288092 0.0278713 0.0189164 0.0173776 0.0131727 0.0061897 0.0025731 0.0009452 0.0002453 0.0000403 0.0000073 0.0000028 0.0000008 
  13:38:25.9 5.153718 10 5.004 19.023 6.620 2.055 8.990 16.638 13.850 4.962 1.742 5.322 10.457 11.594 9.262 5.999 3.672 2.688 2.608 2.864 3.119 3.333 3.527 3.660 3.709 3.705 3.687 2.000 6.217 10.892 16.073 21.817 28.184 35.242 43.066 51.739 61.353 72.009 83.822 96.917 111.433 127.523 145.359 165.131 187.047 211.342 238.273 268.125 301.217 337.899 378.561 421.315 3.678 0.8447017 0.0981931 0.4025648 0.7040764 0.1108700 0.0518309 0.0751237 0.2254514 0.5605485 0.1138393 0.0382194 0.0267057 0.0265963 0.0249140 0.0166481 0.0160035 0.0145226 0.0073231 0.0029728 0.0010239 0.0002456 0.0000376 0.0000074 0.0000029 0.0000007 
  13:38:26.5 5.672780 10 4.098 25.478 5.380 2.041 11.424 18.109 12.273 3.303 1.932 6.545 11.486 12.180 9.828 6.657 4.200 2.859 2.421 2.518 2.805 3.106 3.341 3.465 3.495 3.482 3.463 2.000 6.217 10.892 16.073 21.817 28.184 35.242 43.066 51.739 61.353 72.009 83.822 96.917 111.433 127.523 145.359 165.131 187.047 211.342 238.273 268.125 301.217 337.899 378.561 421.315 3.458 0.8829040 0.0636229 0.4994719 0.7219112 0.0711221 0.0380042 0.0816112 0.3554230 0.5107278 0.0905611 0.0324724 0.0248094 0.0247505 0.0222723 0.0140905 0.0137485 0.0159864 0.0088863 0.0034495 0.0010778 0.0002333 0.0000333 0.0000073 0.0000027 0.0000005 
  13:38:27.0 6.673904 10 3.746 27.970 4.544 2.189 11.758 16.232 9.031 2.289 2.754 7.036 10.155 10.161 8.439 6.250 4.234 2.833 2.344 2.524 2.873 3.143 3.299 3.357 3.357 3.340 3.327 2.000 6.217 10.892 16.073 21.817 28.184 35.242 43.066 51.739 61.353 72.009 83.822 96.917 111.433 127.523 145.359 165.131 187.047 211.342 238.273 268.125 301.217 337.899 378.561 421.315 3.327 0.8936800 0.0532804 0.5558068 0.6937614 0.0686435 0.0432446 0.1086845 0.4744918 0.3450623 0.0951966 0.0441617 0.0343430 0.0294364 0.0209691 0.0126529 0.0159445 0.0177344 0.0088788 0.0032823 0.0010224 0.0002223 0.0000320 0.0000075 0.0000026 0.0000004 
  13:38:27.8 7.073683 10 2.848 36.274 5.188 2.271 11.456 13.089 5.507 2.094 4.514 8.314 9.735 9.116 7.894 6.595 5.162 3.844 3.157 3.076 3.170 3.209 3.206 3.198 3.194 3.194 3.195 2.000 6.217 10.892 16.073 21.817 28.184 35.242 43.066 51.739 61.353 72.009 83.822 96.917 111.433 127.523 145.359 165.131 187.047 211.342 238.273 268.125 301.217 337.899 378.561 421.315 3.195 0.9041580 0.0391704 0.4410955 0.6556345 0.0709029 0.0647361 0.2000825 0.4964838 0.1812631 0.0773668 0.0527734 0.0453290 0.0355402 0.0220404 0.0130993 0.0135037 0.0138502 0.0080021 0.0035004 0.0013398 0.0003476 0.0000549 0.0000097 0.0000034 0.0000006 
  13:38:28.4 8.620347 10 1.928 65.795 22.172 2.713 5.947 7.232 3.185 3.488 7.113 9.788 10.268 9.965 10.003 10.302 10.093 8.932 7.169 5.463 4.196 3.401 2.993 2.867 2.885 2.938 2.974 2.000 6.217 10.892 16.073 21.817 28.184 35.242 43.066 51.739 61.353 72.009 83.822 96.917 111.433 127.523 145.359 165.131 187.047 211.342 238.273 268.125 301.217 337.899 378.561 421.315 2.977 0.9376918 0.0142452 0.0463224 0.6742920 0.1588022 0.1387234 0.3607336 0.2940373 0.1263435 0.0771653 0.0640167 0.0537792 0.0375446 0.0215951 0.0117278 0.0073858 0.0061670 0.0055520 0.0040140 0.0023353 0.0009867 0.0002334 0.0000289 0.0000058 0.0000016 
  13:38:29.0 8.957045 10 2.127 24.320 6.661 3.962 7.247 3.934 2.101 6.878 11.756 11.121 7.520 5.096 5.207 6.208 6.365 5.552 4.472 3.649 3.173 2.972 2.943 2.978 3.015 3.035 3.042 2.000 6.217 10.892 16.073 21.817 28.184 35.242 43.066 51.739 61.353 72.009 83.822 96.917 111.433 127.523 145.359 165.131 187.047 211.342 238.273 268.125 301.217 337.899 378.561 421.315 3.039 0.8962981 0.0465626 0.2713024 0.4112997 0.1350169 0.2564839 0.4983011 0.1035898 0.0507119 0.0563258 0.0875274 0.1037238 0.0567823 0.0241776 0.0146305 0.0121614 0.0096365 0.0059471 0.0031895 0.0014845 0.0004422 0.0000708 0.0000105 0.0000034 0.0000006 
  13:38:29.6 8.670020 2 3.268 4.568 5.414 7.656 5.778 2.361 2.716 6.219 8.223 6.709 4.512 3.404 3.143 3.018 2.879 2.841 2.914 3.026 3.125 3.195 3.232 3.241 3.236 3.230 3.226 2.000 6.217 10.892 16.073 21.817 28.184 35.242 43.066 51.739 61.353 72.009 83.822 96.917 111.433 127.523 145.359 165.131 187.047 211.342 238.273 268.125 301.217 337.899 378.561 421.315 3.226 0.7819975 0.3996748 0.2640751 0.1699198 0.2134412 0.4180298 0.2834786 0.1184377 0.0839971 0.0940135 0.0997245 0.0751530 0.0507698 0.0416022 0.0308909 0.0166590 0.0073366 0.0033086 0.0014509 0.0004738 0.0000926 0.0000132 0.0000045 0.0000017 0.0000004 
  13:38:30.2 8.962726 4 1.517 37.619 39.348 23.530 6.791 1.533 4.493 11.760 15.188 14.338 11.750 9.214 7.766 7.206 6.735 5.875 4.800 3.877 3.287 3.009 2.931 2.944 2.980 3.007 3.019 2.000 6.217 10.892 16.073 21.817 28.184 35.242 43.066 51.739 61.353 72.009 83.822 96.917 111.433 127.523 145.359 165.131 187.047 211.342 238.273 268.125 301.217 337.899 378.561 421.315 3.022 0.9203997 0.0240601 0.0245302 0.0692319 0.2801539 0.6222043 0.1730114 0.0579825 0.0444195 0.0532051 0.0664199 0.0696709 0.0529021 0.0310189 0.0187148 0.0145918 0.0117546 0.0073042 0.0034889 0.0014945 0.0004657 0.0000850 0.0000135 0.0000038 0.0000007 
  13:38:30.8 8.453093 3 1.689 17.333 23.878 16.120 5.064 1.412 4.765 12.500 14.840 11.263 6.851 4.132 3.287 3.242 3.331 3.378 3.368 3.327 3.292 3.276 3.274 3.274 3.274 3.275 3.276 2.000 6.217 10.892 16.073 21.817 28.184 35.242 43.066 51.739 61.353 72.009 83.822 96.917 111.433 127.523 145.359 165.131 187.047 211.342 238.273 268.125 301.217 337.899 378.561 421.315 3.276 0.8764122 0.0609424 0.0486688 0.0962965 0.3109477 0.6170206 0.1366756 0.0391048 0.0315311 0.0500431 0.0852469 0.0967049 0.0610507 0.0400949 0.0295476 0.0173852 0.0080192 0.0034380 0.0014436 0.0005116 0.0001137 0.0000243 0.0000164 0.0000114 0.0000055 
  13:38:31.5 7.353429 3 1.898 8.741 13.862 10.585 4.033 1.729 4.106 9.360 10.801 7.954 4.935 3.397 2.979 2.946 2.992 3.055 3.118 3.174 3.227 3.272 3.298 3.306 3.304 3.299 3.297 2.000 6.217 10.892 16.073 21.817 28.184 35.242 43.066 51.739 61.353 72.009 83.822 96.917 111.433 127.523 145.359 165.131 187.047 211.342 238.273 268.125 301.217 337.899 378.561 421.315 3.297 0.8206867 0.1602630 0.0990148 0.1260208 0.2878936 0.5054326 0.1683801 0.0570236 0.0459775 0.0670332 0.0931711 0.0791512 0.0499425 0.0388716 0.0281481 0.0150328 0.0064944 0.0028170 0.0012351 0.0004253 0.0000944 0.0000155 0.0000045 0.0000014 0.0000003 
  13:38:32.1 6.673527 2 2.473 5.121 9.222 8.711 4.104 1.943 3.689 7.926 9.327 6.909 4.208 2.876 2.576 2.665 2.864 3.072 3.231 3.328 3.380 3.408 3.418 3.417 3.411 3.406 3.403 2.000 6.217 10.892 16.073 21.817 28.184 35.242 43.066 51.739 61.353 72.009 83.822 96.917 111.433 127.523 145.359 165.131 187.047 211.342 238.273 268.125 301.217 337.899 378.561 421.315 3.404 0.7598076 0.3210319 0.1496477 0.1318801 0.2526734 0.4356378 0.1971263 0.0753399 0.0567143 0.0724007 0.0861592 0.0671971 0.0496454 0.0413061 0.0267461 0.0128130 0.0053527 0.0023645 0.0010437 0.0003449 0.0000698 0.0000118 0.0000051 0.0000026 0.0000010 
  13:38:32.6 6.391957 2 4.827 2.989 6.314 8.842 5.446 2.338 2.992 6.323 8.257 6.788 4.459 3.102 2.689 2.673 2.799 2.985 3.169 3.313 3.414 3.476 3.504 3.507 3.499 3.491 3.487 2.000 6.217 10.892 16.073 21.817 28.184 35.242 43.066 51.739 61.353 72.009 83.822 96.917 111.433 127.523 145.359 165.131 187.047 211.342 238.273 268.125 301.217 337.899 378.561 421.315 3.488 0.6581723 0.5353184 0.1917935 0.1234993 0.1967156 0.3936484 0.2608564 0.1067027 0.0695219 0.0736323 0.0791791 0.0625741 0.0470249 0.0406992 0.0278948 0.0137505 0.0057404 0.0025101 0.0011073 0.0003827 0.0000807 0.0000116 0.0000039 0.0000020 0.0000009 
  13:38:33.3 5.874172 2 5.244 3.109 5.344 7.499 5.207 2.733 3.205 5.824 7.330 6.231 4.427 3.366 2.994 2.869 2.851 2.939 3.092 3.244 3.358 3.429 3.461 3.466 3.459 3.451 3.446 2.000 6.217 10.892 16.073 21.817 28.184 35.242 43.066 51.739 61.353 72.009 83.822 96.917 111.433 127.523 145.359 165.131 187.047 211.342 238.273 268.125 301.217 337.899 378.561 421.315 3.447 0.6480837 0.5146299 0.2333693 0.1528679 0.2072776 0.3497380 0.2519750 0.1221806 0.0865317 0.0867981 0.0845171 0.0652736 0.0463073 0.0379284 0.0271381 0.0147506 0.0063143 0.0027707 0.0012280 0.0004254 0.0000897 0.0000126 0.0000041 0.0000020 0.0000008 
  13:38:33.9 6.044570 2 4.402 3.298 5.363 6.915 4.693 2.604 3.342 6.056 7.318 5.947 4.047 3.021 2.727 2.699 2.783 2.943 3.113 3.239 3.314 3.354 3.371 3.371 3.365 3.359 3.356 2.000 6.217 10.892 16.073 21.817 28.184 35.242 43.066 51.739 61.353 72.009 83.822 96.917 111.433 127.523 145.359 165.131 187.047 211.342 238.273 268.125 301.217 337.899 378.561 421.315 3.357 0.6852992 0.4911448 0.2316153 0.1659731 0.2248816 0.3567070 0.2371281 0.1141908 0.0839433 0.0875126 0.0871489 0.0673840 0.0516978 0.0433448 0.0288381 0.0140177 0.0059001 0.0026379 0.0011630 0.0003884 0.0000779 0.0000114 0.0000040 0.0000018 0.0000006 
  13:38:34.4 6.537925 2 3.204 3.974 5.114 5.881 4.506 2.980 3.526 5.672 6.729 5.749 4.275 3.334 2.867 2.631 2.615 2.791 3.028 3.203 3.285 3.306 3.299 3.286 3.275 3.270 3.269 2.000 6.217 10.892 16.073 21.817 28.184 35.242 43.066 51.739 61.353 72.009 83.822 96.917 111.433 127.523 145.359 165.131 187.047 211.342 238.273 268.125 301.217 337.899 378.561 421.315 3.271 0.7423680 0.4073226 0.2529226 0.1952826 0.2264472 0.3170018 0.2290636 0.1257556 0.0951773 0.0919407 0.0839411 0.0640012 0.0494961 0.0436378 0.0308026 0.0151879 0.0063229 0.0027641 0.0011857 0.0003916 0.0000835 0.0000130 0.0000039 0.0000011 0.0000002 
  13:38:35.1 7.691137 2 2.800 4.267 5.867 6.104 4.124 2.615 3.684 6.531 7.469 5.854 3.981 3.028 2.715 2.607 2.637 2.788 2.975 3.117 3.197 3.230 3.235 3.227 3.218 3.212 3.211 2.000 6.217 10.892 16.073 21.817 28.184 35.242 43.066 51.739 61.353 72.009 83.822 96.917 111.433 127.523 145.359 165.131 187.047 211.342 238.273 268.125 301.217 337.899 378.561 421.315 3.212 0.7640111 0.3915745 0.2267207 0.1931993 0.2459236 0.3559318 0.2144889 0.1041811 0.0830009 0.0916689 0.0917511 0.0703776 0.0547971 0.0469759 0.0313186 0.0149355 0.0061920 0.0027332 0.0011572 0.0003298 0.0000517 0.0000098 0.0000087 0.0000061 0.0000031 
  13:38:35.7 10.027029 1 2.722 5.630 4.476 4.155 4.859 4.163 3.768 4.915 5.923 5.348 4.139 3.347 2.987 2.801 2.756 2.841 2.982 3.106 3.184 3.220 3.229 3.224 3.216 3.211 3.209 2.000 6.217 10.892 16.073 21.817 28.184 35.242 43.066 51.739 61.353 72.009 83.822 96.917 111.433 127.523 145.359 165.131 187.047 211.342 238.273 268.125 301.217 337.899 378.561 421.315 3.211 0.7619411 0.3401236 0.3084993 0.2805841 0.2116684 0.2413411 0.2160924 0.1470149 0.1241344 0.1196374 0.1014117 0.0766784 0.0573614 0.0427229 0.0266180 0.0129955 0.0057284 0.0027027 0.0012081 0.0003679 0.0000633 0.0000102 0.0000069 0.0000042 0.0000018 
  13:38:36.2 17.804131 2 2.453 3.747 8.875 7.945 3.656 1.675 3.502 9.911 10.700 5.422 2.338 1.680 1.988 2.376 2.650 2.840 2.983 3.091 3.167 3.212 3.228 3.226 3.218 3.212 3.209 2.000 6.217 10.892 16.073 21.817 28.184 35.242 43.066 51.739 61.353 72.009 83.822 96.917 111.433 127.523 145.359 165.131 187.047 211.342 238.273 268.125 301.217 337.899 378.561 421.315 3.211 0.7590255 0.5258563 0.1267969 0.1424015 0.2877015 0.4987681 0.2014975 0.0457132 0.0354747 0.0771813 0.1223900 0.1032035 0.0827065 0.0511806 0.0230178 0.0096497 0.0039912 0.0018098 0.0007280 0.0002057 0.0000363 0.0000068 0.0000025 0.0000009 0.0000004 
  13:38:36.9 10.359821 1 2.730 5.648 4.787 4.355 4.618 3.932 3.887 5.148 5.765 4.814 3.717 3.173 2.998 2.931 2.922 2.971 3.047 3.120 3.174 3.207 3.221 3.223 3.219 3.216 3.214 2.000 6.217 10.892 16.073 21.817 28.184 35.242 43.066 51.739 61.353 72.009 83.822 96.917 111.433 127.523 145.359 165.131 187.047 211.342 238.273 268.125 301.217 337.899 378.561 421.315 3.214 0.7710296 0.3248643 0.3020881 0.2805253 0.2187549 0.2537884 0.2188750 0.1411451 0.1207656 0.1233246 0.1066244 0.0796641 0.0588097 0.0433373 0.0269894 0.0132333 0.0058366 0.0027745 0.0012633 0.0004127 0.0000796 0.0000124 0.0000045 0.0000015 0.0000003 
  13:38:37.5 6.477330 2 2.193 10.028 5.478 4.020 4.941 4.726 4.285 4.948 5.801 5.854 5.343 4.807 4.333 3.827 3.374 3.092 2.984 2.990 3.046 3.105 3.143 3.157 3.158 3.155 3.152 2.000 6.217 10.892 16.073 21.817 28.184 35.242 43.066 51.739 61.353 72.009 83.822 96.917 111.433 127.523 145.359 165.131 187.047 211.342 238.273 268.125 301.217 337.899 378.561 421.315 3.152 0.8300568 0.1539918 0.3015542 0.3079867 0.2096923 0.2247346 0.2128873 0.1625935 0.1328335 0.1118192 0.0898394 0.0676675 0.0488274 0.0374874 0.0289578 0.0180759 0.0087740 0.0038850 0.0017238 0.0005924 0.0001266 0.0000187 0.0000053 0.0000017 0.0000002 
  13:38:38.1 7.418710 2 2.420 6.676 5.357 4.797 4.499 3.612 3.875 5.454 6.248 5.479 4.347 3.692 3.396 3.168 2.992 2.918 2.935 2.998 3.069 3.123 3.151 3.158 3.155 3.150 3.148 2.000 6.217 10.892 16.073 21.817 28.184 35.242 43.066 51.739 61.353 72.009 83.822 96.917 111.433 127.523 145.359 165.131 187.047 211.342 238.273 268.125 301.217 337.899 378.561 421.315 3.148 0.8072701 0.2402919 0.2879048 0.2597443 0.2281211 0.2794963 0.2237118 0.1399655 0.1143091 0.1099178 0.0980028 0.0740224 0.0528143 0.0413196 0.0300130 0.0166167 0.0075285 0.0034350 0.0015154 0.0004958 0.0000978 0.0000143 0.0000047 0.0000016 0.0000003 
  13:38:38.7 7.995391 2 2.070 8.498 6.564 4.923 4.074 3.223 3.833 5.767 6.559 5.671 4.534 3.890 3.545 3.244 3.011 2.901 2.894 2.939 2.995 3.039 3.062 3.068 3.066 3.063 3.061 2.000 6.217 10.892 16.073 21.817 28.184 35.242 43.066 51.739 61.353 72.009 83.822 96.917 111.433 127.523 145.359 165.131 187.047 211.342 238.273 268.125 301.217 337.899 378.561 421.315 3.061 0.8323168 0.1773483 0.2485322 0.2682704 0.2483550 0.3070229 0.2190713 0.1296109 0.1084322 0.1092661 0.0990773 0.0741103 0.0526336 0.0416202 0.0309048 0.0173863 0.0078948 0.0035694 0.0015509 0.0004966 0.0000962 0.0000146 0.0000048 0.0000014 0.0000003 
  13:38:39.3 7.831432 2 2.636 5.761 5.239 5.302 4.679 3.075 3.232 5.278 6.389 5.480 4.156 3.491 3.263 3.080 2.915 2.828 2.821 2.871 2.948 3.020 3.065 3.079 3.078 3.072 3.069 2.000 6.217 10.892 16.073 21.817 28.184 35.242 43.066 51.739 61.353 72.009 83.822 96.917 111.433 127.523 145.359 165.131 187.047 211.342 238.273 268.125 301.217 337.899 378.561 421.315 3.069 0.7974468 0.3019598 0.2774705 0.2348362 0.2333649 0.3216962 0.2439604 0.1396341 0.1115837 0.1102461 0.1005751 0.0750012 0.0529895 0.0413856 0.0299286 0.0163147 0.0070798 0.0033064 0.0014322 0.0004371 0.0000801 0.0000123 0.0000043 0.0000012 0.0000002 
  13:38:39.9 7.569928 2 2.852 5.252 5.119 5.697 4.894 2.906 2.990 5.249 6.625 5.734 4.301 3.535 3.267 3.077 2.912 2.831 2.838 2.902 2.989 3.065 3.110 3.125 3.122 3.116 3.113 2.000 6.217 10.892 16.073 21.817 28.184 35.242 43.066 51.739 61.353 72.009 83.822 96.917 111.433 127.523 145.359 165.131 187.047 211.342 238.273 268.125 301.217 337.899 378.561 421.315 3.113 0.7917616 0.3383101 0.2786485 0.2204744 0.2299199 0.3405945 0.2614842 0.1413123 0.1070294 0.1055566 0.0986155 0.0738829 0.0513546 0.0404329 0.0297207 0.0163761 0.0072213 0.0033607 0.0014610 0.0004529 0.0000842 0.0000126 0.0000044 0.0000013 0.0000002 
  13:38:40.5 8.353741 2 2.696 4.812 5.757 6.612 4.924 2.412 2.821 5.687 7.040 5.749 4.122 3.321 3.027 2.817 2.674 2.645 2.711 2.817 2.920 2.992 3.026 3.032 3.026 3.020 3.017 2.000 6.217 10.892 16.073 21.817 28.184 35.242 43.066 51.739 61.353 72.009 83.822 96.917 111.433 127.523 145.359 165.131 187.047 211.342 238.273 268.125 301.217 337.899 378.561 421.315 3.017 0.7953558 0.3715919 0.2434762 0.1904453 0.2328977 0.3946929 0.2630215 0.1251476 0.0958179 0.1024594 0.0995180 0.0732064 0.0518444 0.0427799 0.0301506 0.0155391 0.0068958 0.0031648 0.0013066 0.0003745 0.0000627 0.0000100 0.0000039 0.0000012 0.0000003 
  13:38:41.1 8.527976 2 2.388 5.705 7.784 7.355 4.108 1.775 3.315 7.233 7.867 5.478 3.471 2.833 2.810 2.782 2.706 2.676 2.714 2.793 2.879 2.944 2.976 2.983 2.978 2.972 2.970 2.000 6.217 10.892 16.073 21.817 28.184 35.242 43.066 51.739 61.353 72.009 83.822 96.917 111.433 127.523 145.359 165.131 187.047 211.342 238.273 268.125 301.217 337.899 378.561 421.315 2.970 0.8078095 0.3185345 0.1938633 0.1795043 0.2835862 0.4772815 0.2105777 0.0900756 0.0809332 0.1072691 0.1126318 0.0786996 0.0559988 0.0460527 0.0302881 0.0141195 0.0062206 0.0028872 0.0011719 0.0003234 0.0000536 0.0000095 0.0000035 0.0000009 0.0000002 
  13:38:41.7 8.794648 2 1.919 9.743 11.058 7.847 3.662 1.712 3.533 7.554 8.218 6.102 4.308 3.584 3.309 3.015 2.757 2.651 2.683 2.776 2.865 2.919 2.938 2.937 2.931 2.927 2.925 2.000 6.217 10.892 16.073 21.817 28.184 35.242 43.066 51.739 61.353 72.009 83.822 96.917 111.433 127.523 145.359 165.131 187.047 211.342 238.273 268.125 301.217 337.899 378.561 421.315 2.926 0.8455045 0.1720368 0.1526041 0.1944223 0.3294182 0.4851797 0.1925790 0.0843251 0.0794375 0.1051662 0.1074017 0.0743307 0.0507575 0.0423816 0.0313243 0.0166252 0.0071342 0.0031600 0.0012681 0.0003506 0.0000573 0.0000110 0.0000046 0.0000014 0.0000003 
  13:38:42.3 8.704245 3 1.733 14.908 15.080 9.188 3.863 1.684 3.358 7.531 8.833 7.219 5.499 4.566 4.060 3.561 3.105 2.845 2.786 2.829 2.885 2.913 2.919 2.916 2.913 2.912 2.912 2.000 6.217 10.892 16.073 21.817 28.184 35.242 43.066 51.739 61.353 72.009 83.822 96.917 111.433 127.523 145.359 165.131 187.047 211.342 238.273 268.125 301.217 337.899 378.561 421.315 2.911 0.8814668 0.0817582 0.0976398 0.1760208 0.3208201 0.5162598 0.2191261 0.0850857 0.0708546 0.0891721 0.0975123 0.0745069 0.0468622 0.0350191 0.0300568 0.0198473 0.0094907 0.0041143 0.0016989 0.0005183 0.0000949 0.0000160 0.0000063 0.0000022 0.0000005 
  13:38:42.9 8.750701 4 1.581 21.330 21.828 12.739 4.633 1.591 3.214 7.858 9.969 8.928 7.316 6.079 5.191 4.397 3.695 3.224 3.019 2.970 2.960 2.941 2.917 2.904 2.904 2.908 2.911 2.000 6.217 10.892 16.073 21.817 28.184 35.242 43.066 51.739 61.353 72.009 83.822 96.917 111.433 127.523 145.359 165.131 187.047 211.342 238.273 268.125 301.217 337.899 378.561 421.315 2.910 0.9025977 0.0470943 0.0561306 0.1274031 0.3112278 0.5439401 0.2408721 0.0841496 0.0626012 0.0731424 0.0804997 0.0692985 0.0476012 0.0319672 0.0260695 0.0201673 0.0111487 0.0048579 0.0020186 0.0007260 0.0001641 0.0000272 0.0000075 0.0000019 0.0000002 
  13:38:43.5 8.879521 4 1.462 32.297 36.672 23.437 7.761 1.401 3.339 9.704 13.158 12.618 10.769 8.748 7.173 6.049 5.080 4.255 3.682 3.339 3.131 2.997 2.918 2.889 2.894 2.908 2.917 2.000 6.217 10.892 16.073 21.817 28.184 35.242 43.066 51.739 61.353 72.009 83.822 96.917 111.433 127.523 145.359 165.131 187.047 211.342 238.273 268.125 301.217 337.899 378.561 421.315 2.917 0.9194011 0.0289883 0.0273171 0.0642420 0.2127520 0.6382144 0.2406728 0.0716743 0.0480407 0.0539535 0.0618843 0.0620600 0.0501951 0.0335550 0.0231952 0.0184843 0.0124535 0.0062312 0.0027376 0.0010690 0.0002870 0.0000535 0.0000128 0.0000035 0.0000004 
  13:38:44.1 8.348661 4 1.567 20.822 27.503 18.217 5.849 1.253 4.062 10.983 13.314 10.767 7.441 5.069 3.911 3.395 3.145 3.095 3.161 3.222 3.211 3.148 3.081 3.042 3.032 3.036 3.042 2.000 6.217 10.892 16.073 21.817 28.184 35.242 43.066 51.739 61.353 72.009 83.822 96.917 111.433 127.523 145.359 165.131 187.047 211.342 238.273 268.125 301.217 337.899 378.561 421.315 3.043 0.8976510 0.0473536 0.0398387 0.0834409 0.2639521 0.6530860 0.1704496 0.0504242 0.0386530 0.0543765 0.0784877 0.0846345 0.0596764 0.0390459 0.0308552 0.0200755 0.0094983 0.0040004 0.0016991 0.0006029 0.0001430 0.0000251 0.0000069 0.0000018 0.0000002 
  13:38:44.7 8.138654 3 2.298 4.548 12.913 14.008 6.088 1.202 3.184 9.454 11.654 7.954 3.987 2.111 1.648 1.656 1.957 2.479 3.005 3.349 3.471 3.448 3.375 3.315 3.286 3.278 3.280 2.000 6.217 10.892 16.073 21.817 28.184 35.242 43.066 51.739 61.353 72.009 83.822 96.917 111.433 127.523 145.359 165.131 187.047 211.342 238.273 268.125 301.217 337.899 378.561 421.315 3.284 0.7889471 0.4323777 0.1030414 0.0776178 0.1784163 0.6080327 0.2110177 0.0569716 0.0378489 0.0564792 0.0854413 0.0717731 0.0595409 0.0596824 0.0335595 0.0125435 0.0045012 0.0017598 0.0006483 0.0001832 0.0000377 0.0000093 0.0000032 0.0000007 0.0000001 
  13:38:45.4 8.043397 3 2.689 3.510 10.969 13.325 6.541 1.410 2.772 8.168 10.269 7.374 4.179 2.642 2.154 1.951 1.985 2.282 2.700 3.053 3.247 3.301 3.281 3.243 3.217 3.206 3.204 2.000 6.217 10.892 16.073 21.817 28.184 35.242 43.066 51.739 61.353 72.009 83.822 96.917 111.433 127.523 145.359 165.131 187.047 211.342 238.273 268.125 301.217 337.899 378.561 421.315 3.208 0.7750875 0.5351621 0.1072235 0.0744527 0.1606819 0.5647551 0.2553241 0.0725276 0.0476000 0.0645720 0.0845858 0.0643716 0.0471143 0.0499864 0.0344610 0.0147942 0.0055489 0.0021922 0.0008018 0.0002199 0.0000422 0.0000095 0.0000032 0.0000007 0.0000001 
  13:38:45.9 8.502264 3 2.264 4.672 11.808 12.040 5.340 1.324 3.393 9.305 10.834 7.407 3.967 2.465 2.187 2.184 2.247 2.406 2.637 2.866 3.032 3.115 3.134 3.123 3.107 3.097 3.093 2.000 6.217 10.892 16.073 21.817 28.184 35.242 43.066 51.739 61.353 72.009 83.822 96.917 111.433 127.523 145.359 165.131 187.047 211.342 238.273 268.125 301.217 337.899 378.561 421.315 3.098 0.7961484 0.4028791 0.1138964 0.0970763 0.2144461 0.5872176 0.1950236 0.0592044 0.0458061 0.0698107 0.0990383 0.0775288 0.0580791 0.0537061 0.0325166 0.0144130 0.0057632 0.0024024 0.0008943 0.0002396 0.0000441 0.0000098 0.0000032 0.0000006 0.0000001 
  13:38:46.6 8.282742 3 1.866 8.528 12.861 9.870 4.136 1.549 3.658 8.845 10.181 7.563 4.811 3.393 2.937 2.738 2.595 2.547 2.621 2.769 2.910 2.994 3.022 3.020 3.010 3.002 3.000 2.000 6.217 10.892 16.073 21.817 28.184 35.242 43.066 51.739 61.353 72.009 83.822 96.917 111.433 127.523 145.359 165.131 187.047 211.342 238.273 268.125 301.217 337.899 378.561 421.315 3.001 0.8446350 0.1860751 0.1185072 0.1444590 0.2856468 0.5492416 0.1912687 0.0654775 0.0540005 0.0769236 0.1011108 0.0829483 0.0525112 0.0436487 0.0342281 0.0185618 0.0078750 0.0033080 0.0012903 0.0003656 0.0000605 0.0000095 0.0000039 0.0000017 0.0000009 
  13:38:47.2 7.880785 3 1.632 16.162 17.488 10.762 4.104 1.705 3.796 8.781 10.525 8.697 6.275 4.695 3.998 3.632 3.305 3.028 2.875 2.851 2.892 2.934 2.954 2.958 2.958 2.957 2.956 2.000 6.217 10.892 16.073 21.817 28.184 35.242 43.066 51.739 61.353 72.009 83.822 96.917 111.433 127.523 145.359 165.131 187.047 211.342 238.273 268.125 301.217 337.899 378.561 421.315 2.956 0.8896022 0.0724272 0.0800186 0.1523428 0.3322346 0.5301543 0.1996734 0.0733258 0.0598018 0.0775036 0.0964117 0.0860443 0.0554327 0.0381932 0.0315233 0.0215137 0.0106311 0.0045792 0.0019214 0.0006330 0.0001316 0.0000209 0.0000060 0.0000016 0.0000002 
  13:38:47.7 7.739218 3 1.797 10.345 12.184 9.166 4.455 1.918 3.347 7.688 9.387 7.505 5.049 3.651 3.272 3.221 3.120 2.947 2.819 2.800 2.861 2.935 2.980 2.995 2.995 2.991 2.988 2.000 6.217 10.892 16.073 21.817 28.184 35.242 43.066 51.739 61.353 72.009 83.822 96.917 111.433 127.523 145.359 165.131 187.047 211.342 238.273 268.125 301.217 337.899 378.561 421.315 2.988 0.8635154 0.1460441 0.1362585 0.1688695 0.2705441 0.4860958 0.2386223 0.0881764 0.0671572 0.0850656 0.1065756 0.0925089 0.0592700 0.0432168 0.0328236 0.0196563 0.0090350 0.0039479 0.0017308 0.0005434 0.0001058 0.0000166 0.0000048 0.0000012 0.0000002 
  13:38:48.4 8.303800 3 1.798 10.661 12.361 9.513 4.940 2.073 3.137 7.369 9.197 7.317 4.787 3.533 3.446 3.613 3.522 3.200 2.896 2.768 2.803 2.899 2.974 3.006 3.011 3.007 3.003 2.000 6.217 10.892 16.073 21.817 28.184 35.242 43.066 51.739 61.353 72.009 83.822 96.917 111.433 127.523 145.359 165.131 187.047 211.342 238.273 268.125 301.217 337.899 378.561 421.315 3.002 0.8666076 0.1469482 0.1374279 0.1666012 0.2588717 0.4689667 0.2571337 0.0961631 0.0738933 0.0949050 0.1192992 0.0994885 0.0609130 0.0418938 0.0309306 0.0190900 0.0093479 0.0043141 0.0018925 0.0006058 0.0001190 0.0000180 0.0000051 0.0000013 0.0000002 
  13:38:48.9 9.349558 3 2.353 4.956 9.149 10.923 6.924 2.303 2.464 6.920 9.344 6.860 3.709 2.599 2.949 3.410 3.407 3.107 2.847 2.791 2.900 3.049 3.153 3.193 3.195 3.186 3.179 2.000 6.217 10.892 16.073 21.817 28.184 35.242 43.066 51.739 61.353 72.009 83.822 96.917 111.433 127.523 145.359 165.131 187.047 211.342 238.273 268.125 301.217 337.899 378.561 421.315 3.179 0.8232882 0.4116282 0.1657939 0.1148128 0.1750997 0.4503596 0.3418580 0.1018510 0.0670209 0.0923092 0.1344767 0.1117302 0.0663308 0.0438103 0.0289331 0.0163717 0.0076638 0.0036750 0.0016536 0.0005244 0.0001014 0.0000144 0.0000040 0.0000011 0.0000002 
  13:38:49.6 10.563455 2 2.274 5.492 9.062 11.101 7.449 2.778 2.388 6.162 8.659 6.630 3.940 2.909 3.051 3.319 3.320 3.149 3.005 2.984 3.064 3.169 3.242 3.271 3.273 3.267 3.261 2.000 6.217 10.892 16.073 21.817 28.184 35.242 43.066 51.739 61.353 72.009 83.822 96.917 111.433 127.523 145.359 165.131 187.047 211.342 238.273 268.125 301.217 337.899 378.561 421.315 3.261 0.8345001 0.3920902 0.1809681 0.1228004 0.1838279 0.4201155 0.3486419 0.1194108 0.0810174 0.1068504 0.1356934 0.1062366 0.0674840 0.0479167 0.0319961 0.0171329 0.0077411 0.0036217 0.0016687 0.0005686 0.0001193 0.0000171 0.0000046 0.0000014 0.0000003 
  13:38:50.2 11.775167 2 2.114 6.703 9.113 11.385 8.239 3.235 2.262 6.095 9.236 7.259 4.342 3.164 3.305 3.563 3.494 3.255 3.078 3.054 3.137 3.243 3.313 3.341 3.342 3.335 3.330 2.000 6.217 10.892 16.073 21.817 28.184 35.242 43.066 51.739 61.353 72.009 83.822 96.917 111.433 127.523 145.359 165.131 187.047 211.342 238.273 268.125 301.217 337.899 378.561 421.315 3.329 0.8523783 0.3384389 0.2004203 0.1240036 0.1693336 0.3980348 0.3922732 0.1218638 0.0771312 0.1049497 0.1417231 0.1130641 0.0689072 0.0483842 0.0339673 0.0191801 0.0087798 0.0040071 0.0018571 0.0006659 0.0001499 0.0000214 0.0000050 0.0000017 0.0000004 
  13:38:50.8 12.281331 10 2.470 7.089 4.738 11.380 15.647 8.215 1.457 6.684 15.904 15.085 7.524 2.394 2.747 4.540 4.879 3.929 2.925 2.523 2.665 3.002 3.267 3.388 3.410 3.394 3.377 2.000 6.217 10.892 16.073 21.817 28.184 35.242 43.066 51.739 61.353 72.009 83.822 96.917 111.433 127.523 145.359 165.131 187.047 211.342 238.273 268.125 301.217 337.899 378.561 421.315 3.373 0.8542574 0.2749217 0.4545288 0.1253607 0.0782575 0.1364268 0.7093296 0.0940525 0.0313812 0.0338603 0.0818972 0.2205673 0.0927202 0.0353925 0.0232015 0.0177936 0.0110427 0.0057005 0.0027358 0.0009536 0.0001932 0.0000261 0.0000057 0.0000020 0.0000004 
  13:38:51.4 11.907477 10 2.700 7.974 3.760 10.789 18.109 11.280 1.570 4.495 13.185 14.020 7.678 2.726 2.718 4.277 4.653 3.819 2.897 2.533 2.684 3.020 3.283 3.402 3.422 3.407 3.389 2.000 6.217 10.892 16.073 21.817 28.184 35.242 43.066 51.739 61.353 72.009 83.822 96.917 111.433 127.523 145.359 165.131 187.047 211.342 238.273 268.125 301.217 337.899 378.561 421.315 3.386 0.8570458 0.2379613 0.5665616 0.1274081 0.0590549 0.0870097 0.6719143 0.1840497 0.0493408 0.0395044 0.0795311 0.1910003 0.0962090 0.0372568 0.0242050 0.0185112 0.0115732 0.0059572 0.0028085 0.0009582 0.0001968 0.0000267 0.0000059 0.0000021 0.0000004 
  13:38:51.9 12.408502 10 3.608 5.221 3.724 11.905 18.575 10.621 1.372 5.441 15.235 15.296 7.737 2.270 2.479 4.102 4.143 3.074 2.274 2.194 2.586 3.053 3.352 3.461 3.463 3.435 3.412 2.000 6.217 10.892 16.073 21.817 28.184 35.242 43.066 51.739 61.353 72.009 83.822 96.917 111.433 127.523 145.359 165.131 187.047 211.342 238.273 268.125 301.217 337.899 378.561 421.315 3.410 0.8147468 0.4119801 0.5255572 0.1176887 0.0620344 0.0991531 0.7221306 0.1324807 0.0371901 0.0334799 0.0761063 0.2152963 0.0930249 0.0366463 0.0256572 0.0202322 0.0120751 0.0060574 0.0024831 0.0006819 0.0001210 0.0000163 0.0000046 0.0000016 0.0000002 
  13:38:52.6 13.357753 10 4.018 4.181 3.943 12.186 17.210 8.775 1.301 7.024 17.576 16.674 8.360 2.363 2.369 3.770 3.567 2.529 1.985 2.132 2.620 3.082 3.350 3.439 3.432 3.400 3.378 2.000 6.217 10.892 16.073 21.817 28.184 35.242 43.066 51.739 61.353 72.009 83.822 96.917 111.433 127.523 145.359 165.131 187.047 211.342 238.273 268.125 301.217 337.899 378.561 421.315 3.377 0.8006079 0.5064732 0.4754007 0.1163338 0.0719263 0.1317861 0.7503911 0.0851563 0.0265372 0.0283172 0.0696167 0.2060796 0.0878151 0.0370015 0.0293870 0.0242445 0.0136160 0.0061565 0.0022124 0.0005524 0.0000921 0.0000136 0.0000046 0.0000014 0.0000002 
  13:38:53.2 13.408476 10 3.154 4.459 4.174 12.475 14.863 5.068 1.363 10.694 21.517 18.825 9.001 2.293 2.215 3.539 3.387 2.515 2.071 2.215 2.647 3.049 3.275 3.343 3.332 3.304 3.286 2.000 6.217 10.892 16.073 21.817 28.184 35.242 43.066 51.739 61.353 72.009 83.822 96.917 111.433 127.523 145.359 165.131 187.047 211.342 238.273 268.125 301.217 337.899 378.561 421.315 3.286 0.8254253 0.4589516 0.4349564 0.0983125 0.0795708 0.2598693 0.7328952 0.0444266 0.0142880 0.0190170 0.0549221 0.1974105 0.0918427 0.0413723 0.0330448 0.0250042 0.0127235 0.0055640 0.0020326 0.0005172 0.0000872 0.0000133 0.0000044 0.0000013 0.0000002 
  13:38:53.8 13.091083 2 1.846 9.265 9.304 9.965 6.497 2.422 2.847 8.301 11.021 8.414 5.229 3.701 3.446 3.350 3.140 2.955 2.884 2.923 3.015 3.098 3.143 3.154 3.150 3.144 3.141 2.000 6.217 10.892 16.073 21.817 28.184 35.242 43.066 51.739 61.353 72.009 83.822 96.917 111.433 127.523 145.359 165.131 187.047 211.342 238.273 268.125 301.217 337.899 378.561 421.315 3.141 0.8747587 0.2403745 0.2235830 0.1581099 0.2133724 0.4731524 0.2905113 0.0868850 0.0657933 0.0992888 0.1343873 0.1094482 0.0727032 0.0574152 0.0426276 0.0234272 0.0101195 0.0043610 0.0019038 0.0006376 0.0001270 0.0000172 0.0000055 0.0000022 0.0000007 
  13:38:54.4 12.292738 3 2.047 6.928 10.802 12.559 7.400 1.755 2.701 10.497 14.160 10.129 5.073 2.654 2.554 2.927 3.023 2.906 2.797 2.810 2.924 3.055 3.143 3.174 3.173 3.163 3.157 2.000 6.217 10.892 16.073 21.817 28.184 35.242 43.066 51.739 61.353 72.009 83.822 96.917 111.433 127.523 145.359 165.131 187.047 211.342 238.273 268.125 301.217 337.899 378.561 421.315 3.157 0.8580647 0.3138937 0.1712010 0.1150317 0.1722711 0.5702163 0.3083275 0.0611019 0.0383646 0.0640251 0.1200626 0.1262366 0.0811073 0.0606940 0.0406331 0.0208045 0.0088084 0.0038676 0.0016647 0.0005244 0.0001036 0.0000155 0.0000042 0.0000011 0.0000003 
  13:38:55.0 10.800754 3 1.658 14.617 17.340 12.092 4.542 1.550 4.562 12.228 13.787 9.979 5.766 3.645 3.335 3.484 3.424 3.159 2.906 2.796 2.826 2.913 2.985 3.018 3.024 3.020 3.016 2.000 6.217 10.892 16.073 21.817 28.184 35.242 43.066 51.739 61.353 72.009 83.822 96.917 111.433 127.523 145.359 165.131 187.047 211.342 238.273 268.125 301.217 337.899 378.561 421.315 3.015 0.8936410 0.1004789 0.0952218 0.1459733 0.3269558 0.6094013 0.1572930 0.0464713 0.0421788 0.0714362 0.1223089 0.1219212 0.0703574 0.0477099 0.0366787 0.0230578 0.0110286 0.0048356 0.0021020 0.0006968 0.0001441 0.0000219 0.0000057 0.0000015 0.0000002 
  13:38:55.6 9.061776 6 1.250 65.509 63.528 34.321 8.335 1.527 4.811 12.968 18.300 20.254 19.384 17.273 15.269 13.934 12.840 11.230 8.879 6.184 3.947 2.745 2.405 2.454 2.577 2.654 2.679 2.000 6.217 10.892 16.073 21.817 28.184 35.242 43.066 51.739 61.353 72.009 83.822 96.917 111.433 127.523 145.359 165.131 187.047 211.342 238.273 268.125 301.217 337.899 378.561 421.315 2.670 0.9505012 0.0133523 0.0102828 0.0371568 0.2024892 0.6769165 0.1947807 0.0646146 0.0417484 0.0388117 0.0409503 0.0424131 0.0382746 0.0282111 0.0176537 0.0106483 0.0076165 0.0071862 0.0060907 0.0033081 0.0012411 0.0002635 0.0000318 0.0000059 0.0000012 
  13:38:56.3 8.345858 10 1.169 85.791 86.771 49.595 12.536 1.325 5.073 16.020 24.590 29.485 30.762 29.388 26.603 23.318 19.905 16.510 13.086 9.496 6.073 3.616 2.498 2.279 2.388 2.515 2.575 2.000 6.217 10.892 16.073 21.817 28.184 35.242 43.066 51.739 61.353 72.009 83.822 96.917 111.433 127.523 145.359 165.131 187.047 211.342 238.273 268.125 301.217 337.899 378.561 421.315 2.565 0.9561512 0.0101975 0.0048930 0.0171787 0.1003505 0.7551576 0.1788226 0.0474030 0.0248467 0.0197587 0.0182940 0.0178783 0.0171856 0.0154401 0.0126116 0.0092069 0.0061673 0.0045012 0.0042127 0.0035121 0.0018028 0.0005333 0.0000741 0.0000089 0.0000020 
  13:38:56.9 8.263334 6 1.217 53.282 56.231 31.157 6.274 1.330 6.429 16.127 21.159 22.564 21.067 18.054 14.974 12.559 10.603 8.696 6.682 4.759 3.341 2.626 2.431 2.467 2.547 2.597 2.614 2.000 6.217 10.892 16.073 21.817 28.184 35.242 43.066 51.739 61.353 72.009 83.822 96.917 111.433 127.523 145.359 165.131 187.047 211.342 238.273 268.125 301.217 337.899 378.561 421.315 2.608 0.9417588 0.0141990 0.0100489 0.0386001 0.2720727 0.7056412 0.1040676 0.0355372 0.0272588 0.0278271 0.0311303 0.0346265 0.0343307 0.0279709 0.0189803 0.0121003 0.0092238 0.0081628 0.0054605 0.0025442 0.0008558 0.0001595 0.0000206 0.0000048 0.0000008 
  13:38:57.6 7.334873 4 1.312 27.077 25.605 12.923 3.604 1.812 5.022 10.628 13.125 12.764 10.966 9.016 7.658 6.776 5.862 4.743 3.675 2.952 2.631 2.568 2.605 2.653 2.685 2.697 2.698 2.000 6.217 10.892 16.073 21.817 28.184 35.242 43.066 51.739 61.353 72.009 83.822 96.917 111.433 127.523 145.359 165.131 187.047 211.342 238.273 268.125 301.217 337.899 378.561 421.315 2.695 0.9160025 0.0297333 0.0357951 0.1095275 0.3993495 0.5155187 0.1476167 0.0601994 0.0502529 0.0557647 0.0631785 0.0628151 0.0492458 0.0314761 0.0208197 0.0173310 0.0135708 0.0074621 0.0032796 0.0012038 0.0002861 0.0000423 0.0000092 0.0000024 0.0000003 
  13:38:58.2 6.577533 5 1.297 32.795 29.664 14.217 3.991 1.982 4.569 9.735 13.081 13.876 12.963 11.325 9.841 8.713 7.573 6.175 4.710 3.548 2.889 2.647 2.621 2.666 2.713 2.739 2.746 2.000 6.217 10.892 16.073 21.817 28.184 35.242 43.066 51.739 61.353 72.009 83.822 96.917 111.433 127.523 145.359 165.131 187.047 211.342 238.273 268.125 301.217 337.899 378.561 421.315 2.742 0.9223614 0.0223608 0.0264661 0.0930856 0.3594240 0.4909452 0.1840587 0.0744971 0.0527597 0.0503589 0.0515649 0.0503643 0.0422436 0.0292765 0.0185616 0.0135423 0.0116457 0.0081790 0.0040860 0.0016426 0.0004546 0.0000780 0.0000126 0.0000033 0.0000005 
  13:38:58.8 6.191726 5 1.306 32.540 30.911 15.308 4.087 1.942 4.990 10.641 13.843 14.071 12.430 10.302 8.747 7.881 7.148 6.116 4.851 3.722 3.019 2.728 2.676 2.714 2.763 2.791 2.800 2.000 6.217 10.892 16.073 21.817 28.184 35.242 43.066 51.739 61.353 72.009 83.822 96.917 111.433 127.523 145.359 165.131 187.047 211.342 238.273 268.125 301.217 337.899 378.561 421.315 2.797 0.9212050 0.0224676 0.0247032 0.0854066 0.3593489 0.5080407 0.1645550 0.0656957 0.0489770 0.0502828 0.0560005 0.0580953 0.0488332 0.0322806 0.0195858 0.0140267 0.0115937 0.0078796 0.0039591 0.0017165 0.0005263 0.0000859 0.0000133 0.0000036 0.0000006 
  13:38:59.4 6.640566 6 1.221 45.017 44.489 23.889 6.845 1.973 4.387 10.592 15.399 17.275 16.778 15.029 13.184 11.731 10.437 8.930 7.127 5.291 3.841 3.026 2.725 2.691 2.748 2.804 2.832 2.000 6.217 10.892 16.073 21.817 28.184 35.242 43.066 51.739 61.353 72.009 83.822 96.917 111.433 127.523 145.359 165.131 187.047 211.342 238.273 268.125 301.217 337.899 378.561 421.315 2.828 0.9348013 0.0158987 0.0135324 0.0465225 0.2119411 0.5556198 0.2107505 0.0760692 0.0466451 0.0412607 0.0416577 0.0422000 0.0384161 0.0295527 0.0196948 0.0127054 0.0094372 0.0077446 0.0050880 0.0024682 0.0009309 0.0002081 0.0000285 0.0000056 0.0000012 
  13:38:59.9 7.071662 5 1.220 38.313 38.579 22.027 7.245 2.249 4.188 10.190 15.185 17.138 16.444 14.302 12.066 10.301 8.866 7.431 5.912 4.522 3.520 3.000 2.826 2.821 2.868 2.910 2.930 2.000 6.217 10.892 16.073 21.817 28.184 35.242 43.066 51.739 61.353 72.009 83.822 96.917 111.433 127.523 145.359 165.131 187.047 211.342 238.273 268.125 301.217 337.899 378.561 421.315 2.924 0.9312701 0.0194208 0.0184639 0.0549114 0.2092336 0.5130315 0.2280763 0.0807017 0.0479185 0.0422044 0.0436324 0.0461023 0.0436966 0.0345238 0.0233285 0.0156894 0.0122663 0.0091434 0.0049621 0.0021621 0.0007669 0.0001644 0.0000233 0.0000051 0.0000011 
  13:39:00.6 6.718648 3 1.390 17.233 16.511 9.901 4.548 2.809 4.845 9.412 12.192 11.850 9.613 7.146 5.544 4.700 4.153 3.693 3.335 3.127 3.055 3.056 3.076 3.093 3.102 3.106 3.107 2.000 6.217 10.892 16.073 21.817 28.184 35.242 43.066 51.739 61.353 72.009 83.822 96.917 111.433 127.523 145.359 165.131 187.047 211.342 238.273 268.125 301.217 337.899 378.561 421.315 3.107 0.8912957 0.0609531 0.0825968 0.1651224 0.3001729 0.3766660 0.1862182 0.0811839 0.0600638 0.0634992 0.0739660 0.0775522 0.0627119 0.0437708 0.0338227 0.0249959 0.0135929 0.0057259 0.0023739 0.0009174 0.0002574 0.0000487 0.0000103 0.0000021 0.0000001 
  13:39:01.2 7.178947 3 1.541 9.849 11.212 8.471 4.765 3.146 4.754 8.661 10.771 9.745 7.283 5.111 3.921 3.353 3.074 2.970 2.984 3.063 3.157 3.227 3.261 3.268 3.264 3.258 3.255 2.000 6.217 10.892 16.073 21.817 28.184 35.242 43.066 51.739 61.353 72.009 83.822 96.917 111.433 127.523 145.359 165.131 187.047 211.342 238.273 268.125 301.217 337.899 378.561 421.315 3.255 0.8629430 0.1274447 0.1328280 0.1719257 0.2539811 0.3512914 0.1985413 0.0871099 0.0639072 0.0694750 0.0819492 0.0820032 0.0626394 0.0480651 0.0401929 0.0259039 0.0117252 0.0046114 0.0019161 0.0007007 0.0001670 0.0000253 0.0000063 0.0000026 0.0000009 
  13:39:01.8 6.810060 2 1.765 6.955 9.160 8.143 5.090 3.338 4.508 7.927 9.963 8.970 6.541 4.428 3.355 2.959 2.871 2.921 3.026 3.144 3.252 3.328 3.366 3.374 3.369 3.362 3.358 2.000 6.217 10.892 16.073 21.817 28.184 35.242 43.066 51.739 61.353 72.009 83.822 96.917 111.433 127.523 145.359 165.131 187.047 211.342 238.273 268.125 301.217 337.899 378.561 421.315 3.358 0.8248981 0.2444866 0.1769849 0.1673282 0.2305551 0.3108898 0.1960032 0.0979841 0.0756542 0.0821268 0.0898967 0.0807212 0.0632499 0.0540423 0.0404903 0.0213724 0.0087916 0.0035472 0.0015349 0.0005571 0.0001262 0.0000185 0.0000052 0.0000026 0.0000011 
  13:39:02.4 6.106001 2 2.053 5.078 6.799 7.499 6.123 4.432 4.532 6.468 8.158 7.866 6.256 4.553 3.471 2.991 2.894 2.998 3.164 3.315 3.425 3.492 3.523 3.528 3.522 3.515 3.511 2.000 6.217 10.892 16.073 21.817 28.184 35.242 43.066 51.739 61.353 72.009 83.822 96.917 111.433 127.523 145.359 165.131 187.047 211.342 238.273 268.125 301.217 337.899 378.561 421.315 3.511 0.8076703 0.3196808 0.2172711 0.1642747 0.1858955 0.2549468 0.2191624 0.1301678 0.0940624 0.0868180 0.0828695 0.0717137 0.0577940 0.0501735 0.0397137 0.0223465 0.0094162 0.0037630 0.0016345 0.0006233 0.0001517 0.0000223 0.0000056 0.0000032 0.0000015 
  13:39:03.0 6.825924 2 1.989 4.902 7.307 8.465 6.619 4.356 4.271 6.414 8.418 8.128 6.354 4.510 3.359 2.869 2.804 2.962 3.177 3.357 3.477 3.543 3.566 3.564 3.554 3.546 3.542 2.000 6.217 10.892 16.073 21.817 28.184 35.242 43.066 51.739 61.353 72.009 83.822 96.917 111.433 127.523 145.359 165.131 187.047 211.342 238.273 268.125 301.217 337.899 378.561 421.315 3.543 0.8106780 0.3434641 0.2014719 0.1440030 0.1744943 0.2643370 0.2348543 0.1303969 0.0895931 0.0834060 0.0823398 0.0728388 0.0592644 0.0525264 0.0414366 0.0226686 0.0093304 0.0036830 0.0015865 0.0006031 0.0001419 0.0000196 0.0000057 0.0000043 0.0000025 
  13:39:03.6 7.363606 3 1.513 12.858 14.659 11.087 6.017 3.242 4.144 8.213 11.504 11.272 8.858 6.126 4.410 3.652 3.371 3.279 3.260 3.285 3.335 3.382 3.409 3.416 3.414 3.411 3.409 2.000 6.217 10.892 16.073 21.817 28.184 35.242 43.066 51.739 61.353 72.009 83.822 96.917 111.433 127.523 145.359 165.131 187.047 211.342 238.273 268.125 301.217 337.899 378.561 421.315 3.408 0.8789080 0.0961339 0.1032863 0.1442155 0.2334396 0.3567583 0.2459680 0.0993391 0.0623320 0.0627651 0.0742674 0.0819045 0.0687833 0.0505736 0.0405236 0.0273498 0.0132134 0.0052320 0.0021487 0.0008450 0.0002325 0.0000397 0.0000080 0.0000031 0.0000011 
  13:39:04.2 7.170043 4 1.379 23.979 24.335 16.030 7.489 3.239 3.859 8.349 12.945 14.418 13.219 10.554 8.038 6.318 5.208 4.420 3.859 3.508 3.338 3.290 3.297 3.317 3.334 3.344 3.348 2.000 6.217 10.892 16.073 21.817 28.184 35.242 43.066 51.739 61.353 72.009 83.822 96.917 111.433 127.523 145.359 165.131 187.047 211.342 238.273 268.125 301.217 337.899 378.561 421.315 3.344 0.9157362 0.0380614 0.0463543 0.0951877 0.2150275 0.3913193 0.2922790 0.1089784 0.0593940 0.0515977 0.0545517 0.0600987 0.0577807 0.0438208 0.0301399 0.0238729 0.0174867 0.0089944 0.0036466 0.0014724 0.0004967 0.0001064 0.0000177 0.0000046 0.0000012 
  13:39:04.8 8.152895 5 1.277 49.327 57.540 41.796 16.793 2.781 3.041 11.145 19.958 23.962 23.713 20.212 15.907 12.170 9.505 7.568 6.037 4.771 3.864 3.367 3.187 3.177 3.221 3.264 3.287 2.000 6.217 10.892 16.073 21.817 28.184 35.242 43.066 51.739 61.353 72.009 83.822 96.917 111.433 127.523 145.359 165.131 187.047 211.342 238.273 268.125 301.217 337.899 378.561 421.315 3.283 0.9432455 0.0160012 0.0097726 0.0198271 0.0798861 0.5489315 0.3807345 0.0776501 0.0326045 0.0269537 0.0287183 0.0343246 0.0390630 0.0373605 0.0280608 0.0187160 0.0143832 0.0112190 0.0061040 0.0024866 0.0009403 0.0002541 0.0000411 0.0000071 0.0000021 
  13:39:05.4 8.744782 6 1.248 71.094 87.751 68.725 28.560 2.746 2.587 14.051 26.738 32.909 33.467 29.515 23.801 17.963 13.373 10.164 7.907 6.128 4.698 3.727 3.249 3.114 3.135 3.193 3.237 2.000 6.217 10.892 16.073 21.817 28.184 35.242 43.066 51.739 61.353 72.009 83.822 96.917 111.433 127.523 145.359 165.131 187.047 211.342 238.273 268.125 301.217 337.899 378.561 421.315 3.239 0.9522160 0.0111894 0.0037770 0.0068329 0.0374816 0.5859012 0.4719669 0.0551309 0.0186506 0.0153147 0.0165452 0.0203060 0.0248178 0.0274754 0.0244491 0.0170120 0.0112038 0.0091739 0.0068100 0.0033429 0.0013163 0.0004120 0.0000752 0.0000107 0.0000031 
  13:39:06.0 9.071127 9 1.183 107.915 125.995 99.485 48.315 4.785 1.934 14.709 34.212 47.598 54.280 54.274 50.585 43.070 33.595 24.479 17.086 11.751 8.027 5.452 3.881 3.180 3.020 3.081 3.175 2.000 6.217 10.892 16.073 21.817 28.184 35.242 43.066 51.739 61.353 72.009 83.822 96.917 111.433 127.523 145.359 165.131 187.047 211.342 238.273 268.125 301.217 337.899 378.561 421.315 3.208 0.9598147 0.0088023 0.0020010 0.0039004 0.0236293 0.3936345 0.6692731 0.0434113 0.0103766 0.0070672 0.0064663 0.0067156 0.0071263 0.0078508 0.0087159 0.0089860 0.0078127 0.0056497 0.0045508 0.0041009 0.0023754 0.0009172 0.0002490 0.0000352 0.0000065 
  13:39:06.7 8.789219 6 1.251 71.069 82.217 61.140 23.714 2.427 3.136 15.183 28.111 34.320 34.750 30.096 23.818 17.444 12.634 9.534 7.492 5.898 4.610 3.742 3.321 3.205 3.225 3.275 3.313 2.000 6.217 10.892 16.073 21.817 28.184 35.242 43.066 51.739 61.353 72.009 83.822 96.917 111.433 127.523 145.359 165.131 187.047 211.342 238.273 268.125 301.217 337.899 378.561 421.315 3.315 0.9556287 0.0119260 0.0052010 0.0100811 0.0491345 0.6296697 0.4125587 0.0564762 0.0197337 0.0158400 0.0167659 0.0207794 0.0258858 0.0297251 0.0271441 0.0189124 0.0128105 0.0107427 0.0075867 0.0034909 0.0013392 0.0004273 0.0000811 0.0000115 0.0000034 
  13:39:07.3 9.677131 5 1.268 54.874 63.344 47.947 18.536 2.159 3.791 16.147 27.334 30.502 28.370 22.230 15.463 10.185 7.341 6.003 5.146 4.410 3.842 3.512 3.375 3.341 3.350 3.370 3.386 2.000 6.217 10.892 16.073 21.817 28.184 35.242 43.066 51.739 61.353 72.009 83.822 96.917 111.433 127.523 145.359 165.131 187.047 211.342 238.273 268.125 301.217 337.899 378.561 421.315 3.388 0.9516471 0.0164280 0.0107335 0.0196539 0.0739299 0.6607188 0.3106232 0.0529617 0.0221060 0.0202717 0.0239105 0.0329182 0.0448670 0.0500808 0.0386006 0.0260577 0.0204829 0.0137271 0.0062371 0.0023603 0.0008891 0.0002422 0.0000398 0.0000073 0.0000022 
  13:39:07.8 10.891698 4 1.299 33.429 40.576 32.042 12.213 1.989 4.626 16.979 25.823 25.123 19.989 12.713 7.125 4.547 3.819 3.648 3.551 3.462 3.414 3.412 3.428 3.441 3.445 3.446 3.445 2.000 6.217 10.892 16.073 21.817 28.184 35.242 43.066 51.739 61.353 72.009 83.822 96.917 111.433 127.523 145.359 165.131 187.047 211.342 238.273 268.125 301.217 337.899 378.561 421.315 3.445 0.9385882 0.0312969 0.0271188 0.0441428 0.1332522 0.6530296 0.2240446 0.0433265 0.0213851 0.0237590 0.0340516 0.0572985 0.0839066 0.0748320 0.0535014 0.0403264 0.0231398 0.0092780 0.0033199 0.0013648 0.0004726 0.0001058 0.0000190 0.0000038 0.0000004 
  13:39:08.4 10.963718 3 1.552 9.328 15.181 15.358 6.984 2.234 4.315 13.739 20.055 17.027 10.772 4.913 2.564 2.219 2.412 2.686 2.941 3.160 3.339 3.465 3.528 3.541 3.530 3.516 3.508 2.000 6.217 10.892 16.073 21.817 28.184 35.242 43.066 51.739 61.353 72.009 83.822 96.917 111.433 127.523 145.359 165.131 187.047 211.342 238.273 268.125 301.217 337.899 378.561 421.315 3.509 0.8808294 0.2101093 0.1211004 0.0985134 0.1968645 0.5271365 0.2295079 0.0480656 0.0249323 0.0315247 0.0533868 0.0937667 0.0933695 0.0889245 0.0694184 0.0331574 0.0118590 0.0042208 0.0016951 0.0006066 0.0001506 0.0000266 0.0000065 0.0000019 0.0000003 
  13:39:09.1 10.850059 3 1.509 15.896 17.306 13.801 6.164 2.262 4.774 14.784 22.053 20.179 14.574 7.854 4.097 2.957 2.810 2.913 3.063 3.214 3.351 3.459 3.523 3.543 3.539 3.529 3.522 2.000 6.217 10.892 16.073 21.817 28.184 35.242 43.066 51.739 61.353 72.009 83.822 96.917 111.433 127.523 145.359 165.131 187.047 211.342 238.273 268.125 301.217 337.899 378.561 421.315 3.522 0.9070942 0.0988531 0.1112246 0.1387584 0.2583040 0.5248226 0.2101366 0.0473552 0.0254820 0.0305804 0.0470288 0.0803085 0.0881413 0.0690171 0.0642936 0.0411013 0.0171777 0.0060067 0.0023142 0.0008960 0.0002568 0.0000493 0.0000098 0.0000027 0.0000006 
  13:39:09.6 10.646927 4 1.442 31.848 26.213 15.244 5.971 2.321 5.041 15.416 24.166 25.144 21.807 14.975 9.143 5.794 4.427 3.881 3.600 3.456 3.416 3.433 3.457 3.468 3.471 3.472 3.472 2.000 6.217 10.892 16.073 21.817 28.184 35.242 43.066 51.739 61.353 72.009 83.822 96.917 111.433 127.523 145.359 165.131 187.047 211.342 238.273 268.125 301.217 337.899 378.561 421.315 3.471 0.9362772 0.0344795 0.0560872 0.1315897 0.3009959 0.5316198 0.2233082 0.0518233 0.0263773 0.0264976 0.0328075 0.0485372 0.0633114 0.0549107 0.0392373 0.0363633 0.0264736 0.0121136 0.0043468 0.0016637 0.0005960 0.0001408 0.0000244 0.0000045 0.0000005 
  13:39:10.3 9.853496 3 1.593 17.622 13.957 9.479 5.076 2.601 4.786 13.167 20.042 19.650 15.716 9.718 5.410 3.493 2.915 2.876 3.027 3.215 3.376 3.479 3.524 3.528 3.517 3.507 3.501 2.000 6.217 10.892 16.073 21.817 28.184 35.242 43.066 51.739 61.353 72.009 83.822 96.917 111.433 127.523 145.359 165.131 187.047 211.342 238.273 268.125 301.217 337.899 378.561 421.315 3.503 0.9114177 0.0806641 0.1399480 0.2044037 0.2794304 0.4651817 0.2235256 0.0595250 0.0323557 0.0343166 0.0439812 0.0630884 0.0696974 0.0570211 0.0591703 0.0450727 0.0204822 0.0071386 0.0026292 0.0010178 0.0003042 0.0000598 0.0000111 0.0000031 0.0000007 
  13:39:10.9 9.784537 3 1.685 13.572 11.664 8.725 4.891 2.566 4.938 13.571 20.087 19.004 14.340 8.015 4.105 2.797 2.659 2.851 3.051 3.203 3.330 3.435 3.502 3.526 3.524 3.515 3.507 2.000 6.217 10.892 16.073 21.817 28.184 35.242 43.066 51.739 61.353 72.009 83.822 96.917 111.433 127.523 145.359 165.131 187.047 211.342 238.273 268.125 301.217 337.899 378.561 421.315 3.507 0.8974381 0.1140584 0.1684817 0.2045636 0.2719890 0.4671278 0.2073573 0.0540197 0.0299579 0.0328938 0.0444774 0.0676400 0.0739664 0.0675732 0.0669915 0.0411380 0.0167403 0.0058633 0.0022801 0.0008780 0.0002460 0.0000418 0.0000071 0.0000024 0.0000011 
  13:39:11.5 9.163452 4 1.531 28.593 20.519 9.751 4.238 2.715 5.755 14.607 21.587 22.690 19.571 13.203 7.867 5.105 4.275 4.086 3.879 3.587 3.365 3.293 3.317 3.361 3.389 3.400 3.401 2.000 6.217 10.892 16.073 21.817 28.184 35.242 43.066 51.739 61.353 72.009 83.822 96.917 111.433 127.523 145.359 165.131 187.047 211.342 238.273 268.125 301.217 337.899 378.561 421.315 3.397 0.9260693 0.0378102 0.0728077 0.1979336 0.3531585 0.4627894 0.1854091 0.0535793 0.0314227 0.0311221 0.0378926 0.0547178 0.0670269 0.0541110 0.0413693 0.0353070 0.0226182 0.0101105 0.0039151 0.0016087 0.0005248 0.0001112 0.0000180 0.0000044 0.0000012 
  13:39:12.1 8.551042 4 1.459 32.858 22.581 9.636 4.322 3.248 5.698 12.517 18.736 20.934 19.468 14.782 10.173 7.146 5.688 4.976 4.400 3.865 3.475 3.299 3.279 3.319 3.356 3.377 3.384 2.000 6.217 10.892 16.073 21.817 28.184 35.242 43.066 51.739 61.353 72.009 83.822 96.917 111.433 127.523 145.359 165.131 187.047 211.342 238.273 268.125 301.217 337.899 378.561 421.315 3.379 0.9302385 0.0303889 0.0617552 0.2016874 0.3490885 0.3935802 0.2080988 0.0728031 0.0423347 0.0378037 0.0408534 0.0510010 0.0572054 0.0473679 0.0330871 0.0284399 0.0221294 0.0119847 0.0047947 0.0018923 0.0006777 0.0001573 0.0000243 0.0000053 0.0000015 
  13:39:12.7 8.514785 5 1.290 60.164 49.920 21.931 6.913 3.085 5.003 11.607 19.288 24.652 26.399 24.179 20.673 17.026 13.746 10.962 8.526 6.369 4.655 3.605 3.182 3.127 3.199 3.273 3.315 2.000 6.217 10.892 16.073 21.817 28.184 35.242 43.066 51.739 61.353 72.009 83.822 96.917 111.433 127.523 145.359 165.131 187.047 211.342 238.273 268.125 301.217 337.899 378.561 421.315 3.312 0.9483819 0.0146893 0.0167915 0.0753292 0.2837496 0.4321594 0.2633491 0.0939292 0.0466552 0.0340671 0.0310776 0.0328928 0.0337365 0.0305019 0.0233107 0.0156485 0.0116838 0.0109626 0.0082534 0.0038217 0.0014484 0.0004515 0.0000826 0.0000113 0.0000034 
  13:39:13.3 8.060600 5 1.254 55.145 44.181 19.896 8.274 4.486 4.602 7.920 13.482 18.654 21.616 21.620 19.896 17.499 14.834 12.069 9.345 6.844 4.859 3.647 3.162 3.108 3.200 3.289 3.338 2.000 6.217 10.892 16.073 21.817 28.184 35.242 43.066 51.739 61.353 72.009 83.822 96.917 111.433 127.523 145.359 165.131 187.047 211.342 238.273 268.125 301.217 337.899 378.561 421.315 3.333 0.9451963 0.0155718 0.0202624 0.0858993 0.2398402 0.3210366 0.2990538 0.1547941 0.0768080 0.0497873 0.0398904 0.0365562 0.0337121 0.0286089 0.0216225 0.0148062 0.0106484 0.0095583 0.0076711 0.0038630 0.0015091 0.0004749 0.0000872 0.0000116 0.0000035 
  13:39:13.9 7.260032 4 1.404 22.684 16.083 9.946 7.761 6.040 5.067 6.260 9.256 11.688 12.327 11.221 9.433 7.911 6.780 5.785 4.812 3.974 3.455 3.276 3.300 3.379 3.439 3.465 3.472 2.000 6.217 10.892 16.073 21.817 28.184 35.242 43.066 51.739 61.353 72.009 83.822 96.917 111.433 127.523 145.359 165.131 187.047 211.342 238.273 268.125 301.217 337.899 378.561 421.315 3.465 0.9152387 0.0471881 0.1007772 0.1945674 0.2039926 0.2236243 0.2676813 0.1818241 0.1071833 0.0786143 0.0677337 0.0627392 0.0554180 0.0416024 0.0276522 0.0205493 0.0166664 0.0104717 0.0046968 0.0019241 0.0006922 0.0001614 0.0000244 0.0000052 0.0000017 
  13:39:14.5 7.651838 4 1.382 19.976 17.019 13.708 10.746 6.957 4.569 4.986 7.918 10.716 11.812 11.268 9.811 8.199 6.713 5.395 4.334 3.646 3.351 3.332 3.422 3.506 3.552 3.568 3.570 2.000 6.217 10.892 16.073 21.817 28.184 35.242 43.066 51.739 61.353 72.009 83.822 96.917 111.433 127.523 145.359 165.131 187.047 211.342 238.273 268.125 301.217 337.899 378.561 421.315 3.562 0.9136206 0.0595834 0.1008268 0.1370654 0.1553200 0.2092618 0.2990982 0.2274434 0.1245797 0.0843692 0.0688842 0.0603813 0.0517368 0.0395459 0.0272697 0.0209614 0.0174752 0.0106088 0.0044957 0.0017751 0.0006228 0.0001450 0.0000231 0.0000052 0.0000017 
  13:39:15.1 8.063378 4 1.391 20.162 20.593 18.514 13.312 7.098 3.941 4.754 8.204 10.854 11.395 10.496 9.147 7.908 6.732 5.506 4.392 3.643 3.337 3.338 3.454 3.558 3.612 3.629 3.629 2.000 6.217 10.892 16.073 21.817 28.184 35.242 43.066 51.739 61.353 72.009 83.822 96.917 111.433 127.523 145.359 165.131 187.047 211.342 238.273 268.125 301.217 337.899 378.561 421.315 3.620 0.9150284 0.0619266 0.0806913 0.0963282 0.1304516 0.2202286 0.3450796 0.2306322 0.1174172 0.0831078 0.0735672 0.0675200 0.0568088 0.0409485 0.0270152 0.0205054 0.0171134 0.0104681 0.0044520 0.0017622 0.0006201 0.0001455 0.0000233 0.0000051 0.0000017 
  13:39:15.7 8.330503 4 1.345 33.982 38.293 32.650 20.841 8.606 3.358 4.538 9.355 13.368 14.743 14.100 12.453 10.658 8.943 7.221 5.598 4.361 3.680 3.470 3.510 3.610 3.683 3.717 3.728 2.000 6.217 10.892 16.073 21.817 28.184 35.242 43.066 51.739 61.353 72.009 83.822 96.917 111.433 127.523 145.359 165.131 187.047 211.342 238.273 268.125 301.217 337.899 378.561 421.315 3.718 0.9336604 0.0312732 0.0317512 0.0468900 0.0888625 0.2177585 0.4210835 0.2413562 0.1043041 0.0676691 0.0590059 0.0556139 0.0502578 0.0400483 0.0278073 0.0192504 0.0158316 0.0117426 0.0057254 0.0022287 0.0008385 0.0002330 0.0000401 0.0000070 0.0000026 
  13:39:16.3 8.067530 4 1.525 21.008 24.637 22.871 16.032 7.749 3.561 4.537 9.209 12.886 13.309 11.659 9.436 7.651 6.367 5.309 4.430 3.859 3.649 3.694 3.829 3.938 3.991 4.005 4.004 2.000 6.217 10.892 16.073 21.817 28.184 35.242 43.066 51.739 61.353 72.009 83.822 96.917 111.433 127.523 145.359 165.131 187.047 211.342 238.273 268.125 301.217 337.899 378.561 421.315 3.994 0.9123086 0.0617216 0.0662701 0.0776506 0.1142636 0.2160803 0.3867496 0.2467418 0.1029638 0.0666096 0.0617122 0.0621398 0.0572292 0.0429511 0.0279278 0.0210582 0.0175303 0.0105376 0.0043606 0.0016874 0.0006347 0.0001729 0.0000306 0.0000057 0.0000023 
  13:39:16.9 8.384508 4 1.529 35.294 42.168 35.294 21.328 7.770 2.849 5.324 12.477 17.695 18.591 16.623 13.391 10.410 8.192 6.531 5.245 4.381 3.961 3.873 3.944 4.040 4.103 4.132 4.141 2.000 6.217 10.892 16.073 21.817 28.184 35.242 43.066 51.739 61.353 72.009 83.822 96.917 111.433 127.523 145.359 165.131 187.047 211.342 238.273 268.125 301.217 337.899 378.561 421.315 4.131 0.9296948 0.0304548 0.0281463 0.0439261 0.0932125 0.2524362 0.4755242 0.2036408 0.0728907 0.0463243 0.0440025 0.0465730 0.0472985 0.0402693 0.0277775 0.0194537 0.0170194 0.0122409 0.0055735 0.0020543 0.0007931 0.0002511 0.0000508 0.0000083 0.0000032 
  13:39:17.5 8.956093 10 1.453 122.861 155.506 132.226 86.137 29.692 2.286 4.810 21.997 40.540 52.264 57.552 56.661 51.262 42.653 32.624 23.180 15.588 10.109 6.619 4.780 4.066 3.947 4.043 4.163 2.000 6.217 10.892 16.073 21.817 28.184 35.242 43.066 51.739 61.353 72.009 83.822 96.917 111.433 127.523 145.359 165.131 187.047 211.342 238.273 268.125 301.217 337.899 378.561 421.315 4.232 0.9617032 0.0088697 0.0018113 0.0031618 0.0076438 0.0410251 0.6892923 0.2732957 0.0409430 0.0134227 0.0089255 0.0074395 0.0069232 0.0067585 0.0067332 0.0065950 0.0059459 0.0047845 0.0042140 0.0043563 0.0028592 0.0010760 0.0003587 0.0000829 0.0000140 
  13:39:18.1 7.767414 10 1.493 112.407 132.454 99.927 55.844 15.422 2.366 7.695 25.077 42.825 54.748 60.462 59.697 54.161 45.002 33.970 23.471 15.236 9.703 6.500 4.938 4.349 4.245 4.323 4.425 2.000 6.217 10.892 16.073 21.817 28.184 35.242 43.066 51.739 61.353 72.009 83.822 96.917 111.433 127.523 145.359 165.131 187.047 211.342 238.273 268.125 301.217 337.899 378.561 421.315 4.497 0.9582098 0.0093137 0.0026936 0.0061876 0.0205791 0.1069261 0.6788296 0.1469467 0.0326308 0.0135952 0.0092492 0.0075987 0.0069407 0.0066379 0.0065076 0.0063724 0.0058799 0.0050707 0.0050825 0.0053094 0.0031437 0.0010789 0.0003621 0.0000945 0.0000176 
  13:39:18.7 6.920633 10 1.585 103.645 122.757 92.393 49.111 12.662 2.623 9.823 29.791 49.418 62.068 67.598 65.095 56.961 44.994 31.729 20.327 12.651 8.422 6.359 5.393 4.968 4.840 4.859 4.917 2.000 6.217 10.892 16.073 21.817 28.184 35.242 43.066 51.739 61.353 72.009 83.822 96.917 111.433 127.523 145.359 165.131 187.047 211.342 238.273 268.125 301.217 337.899 378.561 421.315 4.993 0.9547054 0.0097426 0.0031198 0.0073244 0.0267342 0.1444962 0.6597651 0.1096545 0.0241376 0.0105997 0.0074639 0.0063239 0.0060737 0.0062172 0.0066165 0.0070459 0.0068983 0.0063477 0.0069498 0.0063444 0.0031436 0.0010070 0.0003465 0.0001043 0.0000238 
  13:39:19.4 7.714774 5 1.744 53.164 66.291 56.942 36.662 13.745 3.650 6.618 20.831 37.820 46.159 46.749 40.332 29.284 17.763 9.472 5.608 4.589 4.753 5.179 5.506 5.695 5.788 5.822 5.828 2.000 6.217 10.892 16.073 21.817 28.184 35.242 43.066 51.739 61.353 72.009 83.822 96.917 111.433 127.523 145.359 165.131 187.047 211.342 238.273 268.125 301.217 337.899 378.561 421.315 5.794 0.9364020 0.0177992 0.0119256 0.0203547 0.0461449 0.1512056 0.5025590 0.2115480 0.0453919 0.0163000 0.0114213 0.0106205 0.0116959 0.0145345 0.0180509 0.0194408 0.0220678 0.0210757 0.0106019 0.0033764 0.0009950 0.0003768 0.0001420 0.0000365 0.0000094 
  13:39:19.9 8.797689 4 1.977 34.513 50.853 54.946 48.401 28.730 10.140 4.268 10.179 25.539 37.480 38.296 31.967 21.519 11.689 6.163 4.471 4.647 5.472 6.249 6.725 6.951 7.046 7.078 7.089 2.000 6.217 10.892 16.073 21.817 28.184 35.242 43.066 51.739 61.353 72.009 83.822 96.917 111.433 127.523 145.359 165.131 187.047 211.342 238.273 268.125 301.217 337.899 378.561 421.315 7.023 0.9183759 0.0336043 0.0244587 0.0271120 0.0359187 0.0762220 0.2272181 0.4542386 0.1207765 0.0290151 0.0142300 0.0128507 0.0148661 0.0197084 0.0248983 0.0254435 0.0285769 0.0210012 0.0086307 0.0026148 0.0007884 0.0003078 0.0001293 0.0000413 0.0000127 
  13:39:20.5 9.155986 3 2.762 15.587 27.619 37.247 43.866 37.959 22.800 10.770 7.497 12.721 23.201 29.225 26.618 19.274 11.807 7.500 6.134 6.261 6.999 7.829 8.457 8.823 8.994 9.063 9.113 2.000 6.217 10.892 16.073 21.817 28.184 35.242 43.066 51.739 61.353 72.009 83.822 96.917 111.433 127.523 145.359 165.131 187.047 211.342 238.273 268.125 301.217 337.899 378.561 421.315 9.005 0.8560150 0.1449680 0.0991145 0.0665133 0.0490417 0.0552139 0.1008361 0.2222838 0.2918965 0.1144730 0.0393362 0.0234693 0.0229033 0.0267385 0.0278128 0.0215666 0.0205793 0.0177530 0.0095906 0.0036336 0.0011565 0.0003810 0.0001587 0.0000677 0.0000345 
  13:39:21.2 8.723433 2 6.530 9.402 15.599 26.645 41.186 50.234 44.910 30.687 17.193 10.956 12.554 18.611 22.699 21.047 16.051 11.580 9.404 9.044 9.569 10.361 11.059 11.505 11.720 11.805 11.876 2.000 6.217 10.892 16.073 21.817 28.184 35.242 43.066 51.739 61.353 72.009 83.822 96.917 111.433 127.523 145.359 165.131 187.047 211.342 238.273 268.125 301.217 337.899 378.561 421.315 11.795 0.7232529 0.3021284 0.2172186 0.1052058 0.0550112 0.0415910 0.0511932 0.0887769 0.1707256 0.2293290 0.1380765 0.0647341 0.0417649 0.0372789 0.0335172 0.0229061 0.0145790 0.0118884 0.0086513 0.0047523 0.0020164 0.0007063 0.0002407 0.0001009 0.0000944 
  13:39:21.8 9.060092 2 28.183 15.162 11.523 18.164 36.860 63.237 81.361 78.265 59.132 32.769 13.518 9.403 15.478 24.965 28.762 25.241 19.570 15.930 14.861 15.246 16.116 16.967 17.576 17.912 18.104 2.000 6.217 10.892 16.073 21.817 28.184 35.242 43.066 51.739 61.353 72.009 83.822 96.917 111.433 127.523 145.359 165.131 187.047 211.342 238.273 268.125 301.217 337.899 378.561 421.315 18.037 0.3773975 0.3066725 0.3243131 0.2274065 0.0955500 0.0450975 0.0327579 0.0379871 0.0611884 0.1261135 0.2454804 0.2110642 0.0962975 0.0467797 0.0305818 0.0231779 0.0155895 0.0085751 0.0050627 0.0035799 0.0023775 0.0012854 0.0005538 0.0002003 0.0001941 
  13:39:22.3 10.022077 3 55.816 25.399 12.981 16.766 38.267 76.987 114.879 128.123 115.436 84.711 39.031 10.608 8.066 19.564 32.662 34.860 28.331 21.092 17.442 16.992 18.022 19.372 20.510 21.266 21.772 2.000 6.217 10.892 16.073 21.817 28.184 35.242 43.066 51.739 61.353 72.009 83.822 96.917 111.433 127.523 145.359 165.131 187.047 211.342 238.273 268.125 301.217 337.899 378.561 421.315 21.690 0.2331012 0.3136575 0.3465924 0.3005333 0.1091599 0.0391114 0.0214536 0.0190061 0.0231171 0.0370976 0.1000864 0.3160987 0.2410549 0.0748676 0.0309818 0.0207083 0.0167337 0.0116107 0.0061146 0.0032512 0.0020865 0.0012847 0.0006516 0.0002689 0.0002428 
  13:39:22.9 11.056161 3 186.211 86.980 28.209 13.303 22.473 58.845 114.660 156.890 162.104 141.165 96.152 36.593 7.738 9.661 24.748 36.982 36.996 30.280 24.445 22.199 22.497 23.734 25.027 26.067 26.904 2.000 6.217 10.892 16.073 21.817 28.184 35.242 43.066 51.739 61.353 72.009 83.822 96.917 111.433 127.523 145.359 165.131 187.047 211.342 238.273 268.125 301.217 337.899 378.561 421.315 27.023 0.0840441 0.1726473 0.3313599 0.4149192 0.2571121 0.0745655 0.0268668 0.0168748 0.0168075 0.0211653 0.0376933 0.1184745 0.3812569 0.1916063 0.0584692 0.0253318 0.0166958 0.0121509 0.0073399 0.0034876 0.0016940 0.0010065 0.0006043 0.0003153 0.0003329 
  13:39:23.6 11.058597 3 166.083 91.816 38.847 18.188 19.991 46.724 100.609 158.086 184.225 172.224 135.511 71.392 18.447 6.263 17.645 36.715 45.796 42.899 35.515 30.111 28.169 28.389 29.385 30.477 31.465 2.000 6.217 10.892 16.073 21.817 28.184 35.242 43.066 51.739 61.353 72.009 83.822 96.917 111.433 127.523 145.359 165.131 187.047 211.342 238.273 268.125 301.217 337.899 378.561 421.315 32.340 0.1079051 0.1742767 0.2660257 0.3430920 0.3283190 0.1157105 0.0372836 0.0183084 0.0147499 0.0166778 0.0240243 0.0609651 0.2330687 0.3477806 0.0974943 0.0302285 0.0150732 0.0102642 0.0071261 0.0040827 0.0019016 0.0008879 0.0004878 0.0002902 0.0004193 
  13:39:24.3 11.263126 3 157.835 88.748 38.445 19.724 23.722 54.823 116.957 189.337 233.649 230.454 196.503 130.768 46.595 7.302 9.514 27.847 44.371 47.856 42.555 36.282 33.058 32.632 33.469 34.527 35.248 2.000 6.217 10.892 16.073 21.817 28.184 35.242 43.066 51.739 61.353 72.009 83.822 96.917 111.433 127.523 145.359 165.131 187.047 211.342 238.273 268.125 301.217 337.899 378.561 421.315 36.906 0.1195138 0.1852065 0.2666781 0.3294090 0.3068589 0.1122356 0.0361815 0.0164369 0.0116959 0.0118912 0.0146285 0.0260382 0.0868070 0.3552425 0.2053662 0.0524529 0.0