45.205505, 0.583556, 0.134985, 0.100000, 5000.000000, 5000.000000, 0.100000, 0.100000, 5000.000000, 5000.000000, 5000.000000, 5000.000000, 5000.000000, 0.100000, 0.100000, 0.100000, 0.100000, 0.137550, 2896.435685, 5000.000000, 5000.000000, 5000.000000, 5000.000000, 5000.000000, 0.149056, 3666.341023, 0.983263, 0.998378, 0.998121, 0.991517, 0.548700, 0.279002, 0.978171, 0.295876, 0.583489, 0.149222, 0.118927, 0.098985, 0.090264, 0.094697, 0.086430, 0.082428, 0.077331, 0.078046, 0.079804, 0.072188, 0.053904, 0.034225, 0.019842, 0.011215, 0.102607, 
5000.000000, 421.903476, 1.508191, 715.488539, 1.070489, 0.100000, 5000.000000, 3.105423, 4289.682405, 4437.020332, 4576.074515, 4705.405683, 4817.139945, 5000.000000, 0.100000, 519.022248, 4.251034, 11.802920, 2897.654922, 5000.000000, 5000.000000, 5000.000000, 5000.000000, 5000.000000, 0.148283, 2377.727298, 0.743499, 0.983312, 0.998533, 0.991689, 0.995515, 0.995269, 0.953414, 0.986770, 0.000001, 0.000000, 0.000000, 0.000000, 0.000000, 0.218914, 0.186267, 0.002768, 0.000358, 0.000223, 0.000000, 0.000000, 0.000000, 0.000000, 0.000000, 0.000000, 0.000000, 
4476.686989, 3.195964, 3367.890625, 5000.000000, 0.108865, 1988.551901, 0.100000, 5000.000000, 0.100000, 17.811265, 912.692656, 2234.463377, 3440.486121, 4410.277717, 10.097899, 450.297796, 9.255111, 8.828472, 2888.186792, 4994.185271, 4996.722422, 4998.389754, 4999.435682, 4999.965108, 0.157928, 2573.310403, 0.973014, 0.998566, 0.992190, 0.002462, 0.998255, 0.993266, 0.976546, 0.964809, 0.927512, 0.000058, 0.000005, 0.000001, 0.000000, 0.000000, 0.473457, 0.000000, 0.015933, 0.000094, 0.000000, 0.000000, 0.000000, 0.000000, 0.000000, 0.000000, 0.000000, 
5000.000000, 5000.000000, 5000.000000, 5000.000000, 1.935588, 5000.000000, 0.100000, 281.804878, 90.161920, 5000.000000, 0.100000, 1392.471052, 2968.593599, 4237.975571, 0.100000, 466.493633, 145.093833, 33.686700, 2893.743364, 4998.226263, 4999.464975, 5000.000000, 5000.000000, 5000.000000, 0.161195, 1636.149706, 0.963984, 0.993219, 0.041979, 0.006099, 0.997382, 0.003818, 0.996270, 0.000024, 0.968156, 0.001187, 0.859037, 0.000002, 0.000000, 0.000000, 0.338758, 0.000000, 0.000823, 0.000413, 0.000000, 0.000000, 0.000000, 0.000000, 0.000000, 0.000000, 0.000000, 
16.952778, 21.510405, 11.488589, 2.900762, 351.311888, 5000.000000, 0.100000, 5000.000000, 5000.000000, 5000.000000, 0.100000, 1990.338339, 3429.187739, 4630.115643, 0.100000, 817.973308, 555.692561, 1017.332031, 3003.737121, 5000.000000, 5000.000000, 5000.000000, 5000.000000, 5000.000000, 0.157699, 1788.292257, 0.997321, 0.995865, 0.995890, 0.997194, 0.984876, 0.000286, 0.995744, 0.000289, 0.000818, 0.000001, 0.909600, 0.000003, 0.000000, 0.000000, 0.214407, 0.000003, 0.000015, 0.000081, 0.000000, 0.000000, 0.000000, 0.000000, 0.000000, 0.000000, 0.000003, 
45.483923, 581.343729, 4.003401, 2621.457334, 219.869565, 5000.000000, 0.100000, 2626.227406, 3940.551024, 4810.750452, 0.100000, 2155.996498, 3563.397057, 4759.608387, 0.100000, 944.367531, 652.242992, 1086.053360, 3052.146914, 5000.000000, 5000.000000, 5000.000000, 5000.000000, 5000.000000, 0.158090, 1532.582619, 0.995521, 0.963619, 0.997995, 0.994372, 0.964284, 0.000078, 0.996170, 0.000001, 0.000001, 0.000001, 0.927485, 0.000001, 0.000000, 0.000000, 0.219836, 0.000000, 0.000000, 0.000000, 0.000000, 0.000000, 0.000000, 0.000000, 0.000000, 0.000000, 0.000001, 
5000.000000, 4566.383573, 267.888310, 7.622869, 120.098645, 5000.000000, 0.103940, 0.441066, 1161.898967, 2731.451380, 0.100000, 1126.930800, 2873.689697, 4330.738035, 0.100000, 746.468836, 502.212585, 970.038250, 2966.110149, 4939.647702, 4960.584087, 4977.113365, 4989.538445, 4997.522889, 0.158995, 1339.485140, 0.972847, 0.993794, 0.990836, 0.995738, 0.988660, 0.000698, 0.996715, 0.001674, 0.000003, 0.000001, 0.918945, 0.000004, 0.000001, 0.000000, 0.251184, 0.000002, 0.000003, 0.000001, 0.000000, 0.000000, 0.000000, 0.000000, 0.000000, 0.000000, 0.000006, 
5000.000000, 5000.000000, 0.250450, 27.022567, 0.795579, 0.100000, 0.117121, 1795.531657, 2777.383223, 3270.373724, 0.100000, 1033.277023, 2804.671181, 4289.106048, 0.100000, 739.120298, 496.891406, 966.209003, 2963.429637, 4937.845981, 4959.449151, 4976.477711, 4989.260430, 4997.465199, 0.160697, 2475.084437, 0.849239, 0.009000, 0.998418, 0.966281, 0.039950, 0.985660, 0.989463, 0.897945, 0.000001, 0.000000, 0.885975, 0.000000, 0.000000, 0.000000, 0.008592, 0.000000, 0.000000, 0.000000, 0.000000, 0.000000, 0.000000, 0.000000, 0.000000, 0.000000, 0.000000, 
4992.070143, 1686.414314, 2943.384813, 13.660558, 24.668995, 483.257991, 0.107646, 0.672296, 1358.799907, 2774.193262, 0.100000, 1055.034328, 2813.495461, 4291.427478, 0.100000, 742.013644, 499.703511, 968.662564, 2965.411539, 4939.357304, 4960.535417, 4977.198253, 4989.675000, 4997.626267, 0.167546, 1133.838429, 0.955966, 0.940739, 0.991716, 0.991958, 0.989203, 0.972855, 0.995495, 0.002307, 0.000001, 0.000001, 0.924353, 0.000003, 0.000000, 0.000000, 0.333218, 0.000000, 0.000000, 0.000000, 0.000000, 0.000000, 0.000000, 0.000000, 0.000000, 0.000000, 0.000001, 
2.121620, 3815.603550, 5000.000000, 2211.363320, 0.744580, 0.100000, 0.160252, 0.946362, 1828.449823, 2891.739041, 11.642988, 983.131097, 2729.632002, 4208.402942, 5000.000000, 675.759741, 445.748054, 925.709103, 2932.686721, 4915.675123, 4944.529513, 4967.508857, 4984.932234, 4996.308839, 0.167479, 1651.158160, 0.998464, 0.987958, 0.001288, 0.961654, 0.993361, 0.986771, 0.987381, 0.983453, 0.000002, 0.000000, 0.830576, 0.000002, 0.000000, 0.000000, 0.070224, 0.000001, 0.000001, 0.000000, 0.000000, 0.000000, 0.000000, 0.000000, 0.000000, 0.000000, 0.000001, 
4434.668376, 511.656713, 2173.099807, 4228.453103, 17.959923, 4748.456081, 0.114803, 5000.000000, 36.937915, 1318.060468, 0.100000, 171.544654, 1899.347466, 3507.407341, 4405.422534, 270.853722, 139.136025, 660.466514, 2727.263895, 4768.839026, 4847.082429, 4910.097648, 4958.290562, 4989.826146, 0.116267, 1076.637453, 0.992326, 0.990192, 0.987142, 0.658373, 0.989012, 0.977576, 0.996004, 0.626564, 0.000175, 0.000003, 0.886154, 0.000067, 0.000002, 0.000000, 0.000000, 0.000011, 0.000019, 0.000001, 0.000000, 0.000000, 0.000000, 0.000000, 0.000000, 0.000000, 0.000012, 
9.681556, 11.068238, 12.395930, 2.600752, 178.789688, 5000.000000, 0.100000, 4200.476693, 0.740150, 935.308536, 71.013322, 5000.000000, 1771.736596, 3423.969563, 4348.700456, 227.322177, 118.200779, 643.486631, 2713.864214, 4759.012559, 4840.321317, 4905.908784, 4956.177790, 4989.191918, 0.107593, 1341.425996, 0.996999, 0.995976, 0.993040, 0.995266, 0.932698, 0.000062, 0.994398, 0.000001, 0.948899, 0.000020, 0.839743, 0.000667, 0.000002, 0.000000, 0.000000, 0.000046, 0.000120, 0.000002, 0.000000, 0.000000, 0.000000, 0.000000, 0.000000, 0.000000, 0.000007, 
1970.239999, 8.626376, 17.172932, 1375.051934, 0.919549, 5000.000000, 0.100000, 4564.126927, 5000.000000, 557.353222, 5000.000000, 4787.606488, 1586.786187, 3278.488275, 4231.440322, 85.906024, 3.612246, 584.889064, 2671.916811, 4728.604164, 4819.616167, 4893.292318, 4949.969394, 4987.464073, 0.107582, 1234.198362, 0.996094, 0.995405, 0.991044, 0.991228, 0.994126, 0.000441, 0.992832, 0.000000, 0.813287, 0.000014, 0.476418, 0.000000, 0.000001, 0.000000, 0.000000, 0.000046, 0.000456, 0.000001, 0.000000, 0.000000, 0.000000, 0.000000, 0.000000, 0.000000, 0.000004, 
25.745839, 660.192835, 2.665819, 3.337084, 451.216027, 5000.000000, 0.100000, 4425.910759, 4582.072815, 433.822436, 4776.704716, 4807.029347, 1604.605032, 3313.557469, 4270.843149, 0.100000, 5000.000000, 572.394390, 2664.174578, 4721.228041, 4813.333402, 4888.696988, 4947.248711, 4986.464974, 0.100000, 1305.679735, 0.993287, 0.978304, 0.996650, 0.994388, 0.989662, 0.000033, 0.994458, 0.000001, 0.000000, 0.000027, 0.000000, 0.000000, 0.000002, 0.000000, 0.000000, 0.112366, 0.016334, 0.000003, 0.000000, 0.000000, 0.000000, 0.000000, 0.000000, 0.000000, 0.000007, 
5000.000000, 829.058427, 114.720838, 8.171558, 253.221811, 5000.000000, 0.125662, 2283.697532, 3035.758240, 0.100000, 3931.768513, 4168.568109, 1183.258738, 3045.643245, 4143.955750, 0.100000, 4972.603183, 553.482533, 2651.092201, 4712.727009, 4808.248162, 4886.092171, 4946.328593, 4986.426863, 0.117007, 1018.435319, 0.926407, 0.121032, 0.980694, 0.994084, 0.919060, 0.000063, 0.995519, 0.000001, 0.000001, 0.924842, 0.000001, 0.000000, 0.000001, 0.000000, 0.000000, 0.136386, 0.000000, 0.000001, 0.000000, 0.000000, 0.000000, 0.000000, 0.000000, 0.000000, 0.000002, 
5000.000000, 13.680725, 6.298312, 675.244338, 5000.000000, 5000.000000, 0.123404, 1301.956727, 2888.842069, 0.100000, 4175.691053, 4340.700769, 1301.346170, 3115.287600, 4182.468672, 0.100000, 4991.723289, 568.007241, 2661.387483, 4719.833408, 4812.844213, 4888.740023, 4947.533691, 4986.709721, 0.115525, 1090.078185, 0.067641, 0.995079, 0.996232, 0.970528, 0.002813, 0.000041, 0.994731, 0.000003, 0.000001, 0.954390, 0.000000, 0.000000, 0.000001, 0.000000, 0.000000, 0.139641, 0.000000, 0.000000, 0.000000, 0.000000, 0.000000, 0.000000, 0.000000, 0.000000, 0.000001, 
14.948642, 3666.172009, 1574.891467, 3.330199, 5000.000000, 5000.000000, 0.101387, 1354.273486, 3062.845655, 0.100000, 4190.125200, 4329.463593, 1276.423223, 3087.200775, 4162.103941, 0.100000, 4992.552865, 568.796849, 2662.047745, 4720.335589, 4813.193016, 4888.954919, 4947.640992, 4986.741190, 0.115882, 1143.479830, 0.996205, 0.875929, 0.915329, 0.996231, 0.001320, 0.000083, 0.994437, 0.000006, 0.000001, 0.953585, 0.000000, 0.000000, 0.000000, 0.000000, 0.000000, 0.025415, 0.000000, 0.000000, 0.000000, 0.000000, 0.000000, 0.000000, 0.000000, 0.000000, 0.000000, 
5000.000000, 3393.860503, 4.886478, 2747.366494, 5000.000000, 5000.000000, 0.111854, 40.433909, 2618.853148, 0.100000, 4179.999417, 4307.141366, 1248.936954, 3061.386060, 4143.736235, 0.100000, 4990.506780, 567.575099, 2661.348532, 4719.964201, 4813.019160, 4888.894192, 4947.637848, 4986.754546, 0.117019, 1122.566788, 0.970031, 0.995930, 0.997130, 0.973167, 0.001567, 0.000097, 0.994835, 0.000160, 0.000000, 0.960780, 0.000000, 0.000000, 0.000000, 0.000000, 0.000000, 0.015330, 0.000000, 0.000000, 0.000000, 0.000000, 0.000000, 0.000000, 0.000000, 0.000000, 0.000000, 
101.597970, 1151.995379, 2823.577525, 5000.000000, 4356.669939, 5000.000000, 0.155589, 1271.105469, 1414.814633, 0.100000, 4270.863608, 4354.190967, 1264.862140, 3057.534506, 4133.274611, 0.100000, 4991.373069, 568.392981, 2662.025986, 4720.474445, 4813.369815, 4889.107881, 4947.743324, 4986.784766, 0.117287, 1106.408797, 0.970691, 0.994811, 0.989510, 0.984719, 0.919263, 0.002387, 0.995639, 0.944439, 0.000002, 0.967708, 0.000000, 0.000000, 0.000000, 0.000000, 0.000000, 0.009755, 0.000000, 0.000000, 0.000000, 0.000000, 0.000000, 0.000000, 0.000000, 0.000000, 0.000000, 
2800.198469, 206.566537, 2273.379683, 18.022940, 3942.491646, 1.903366, 3.319143, 5000.000000, 1439.418775, 0.100000, 4630.578627, 4596.228858, 1416.095030, 3123.799231, 4145.190237, 0.100000, 4983.687310, 562.478857, 2657.630401, 4717.370469, 4811.328753, 4887.915176, 4947.192022, 4986.651640, 0.117981, 971.249712, 0.994635, 0.985032, 0.883367, 0.992201, 0.969152, 0.995063, 0.992346, 0.028088, 0.001765, 0.985498, 0.000000, 0.000000, 0.000001, 0.000000, 0.000000, 0.177753, 0.000000, 0.000000, 0.000000, 0.000000, 0.000000, 0.000000, 0.000000, 0.000000, 0.000000, 
22.205879, 1.476509, 1.099587, 7.971404, 0.100000, 5000.000000, 0.100000, 5000.000000, 2771.587386, 0.990835, 4468.552767, 4441.191641, 1277.043634, 3012.796233, 4062.195287, 0.106528, 4940.629987, 530.528918, 2634.327483, 4701.240522, 4800.918662, 4881.956327, 4944.525919, 4986.068410, 0.130589, 2306.949701, 0.993973, 0.997570, 0.996790, 0.965180, 0.994767, 0.985213, 0.987613, 0.000006, 0.000011, 0.964528, 0.000000, 0.000000, 0.000000, 0.000000, 0.000000, 0.052816, 0.000000, 0.000000, 0.000000, 0.000000, 0.000000, 0.000000, 0.000000, 0.000000, 0.000000, 
5000.000000, 352.897621, 10.596069, 9.673797, 46.284832, 5000.000000, 0.100000, 1411.338022, 173.310456, 5000.000000, 2768.322474, 3240.228071, 519.406009, 2626.810387, 3963.702071, 0.100000, 4989.703632, 570.235322, 2663.489620, 4722.160346, 4814.953159, 4890.366983, 4948.574935, 4987.158003, 0.140793, 1329.408191, 0.870003, 0.980758, 0.996370, 0.995244, 0.988579, 0.000071, 0.996177, 0.000005, 0.000049, 0.412372, 0.000001, 0.000000, 0.000003, 0.000000, 0.000000, 0.187698, 0.000000, 0.000000, 0.000000, 0.000000, 0.000000, 0.000000, 0.000000, 0.000000, 0.000000, 
5000.000000, 27.441492, 2795.324775, 5.937605, 10.550247, 5000.000000, 0.100000, 2359.047026, 5000.000000, 3250.793874, 1898.164362, 2347.259628, 65.818530, 1815.954329, 3217.081021, 5000.000000, 4409.947689, 216.525400, 2381.862660, 4521.691264, 4682.219893, 4812.376081, 4912.526938, 4978.467552, 0.100000, 1379.209535, 0.374910, 0.994488, 0.995563, 0.995639, 0.991233, 0.000081, 0.996327, 0.000011, 0.000761, 0.000001, 0.000001, 0.000001, 0.000050, 0.000001, 0.000000, 0.073551, 0.000000, 0.000005, 0.000000, 0.000000, 0.000000, 0.000000, 0.000000, 0.000000, 0.000009, 
3775.579034, 54.425046, 2712.172364, 1267.140092, 10.930244, 5000.000000, 0.113268, 0.100000, 1076.522569, 436.027031, 2.783016, 383.377299, 2130.608408, 487.841009, 2066.665268, 4032.462400, 3756.043157, 0.100000, 2044.948656, 4280.795466, 4523.746379, 4720.152405, 4870.675217, 4968.940991, 0.121642, 1255.777051, 0.993075, 0.941383, 0.907637, 0.963781, 0.992289, 0.000248, 0.996902, 0.201398, 0.000006, 0.000015, 0.001492, 0.000010, 0.001096, 0.000004, 0.000000, 0.000000, 0.000000, 0.050805, 0.000000, 0.000000, 0.000000, 0.000000, 0.000000, 0.000000, 0.000011, 
100.843261, 4498.463514, 5.218907, 2.392409, 531.578351, 0.312766, 44.758687, 0.105958, 4970.540613, 4814.917635, 0.644315, 3565.018944, 2861.132586, 1246.695623, 2392.057613, 4217.391379, 3842.940065, 1.134031, 2057.446736, 4287.884447, 4527.412231, 4721.712974, 4871.038102, 4968.825026, 0.106941, 1876.037971, 0.995553, 0.991500, 0.997161, 0.996905, 0.989959, 0.990250, 0.988502, 0.992640, 0.000011, 0.000047, 0.089070, 0.000022, 0.000001, 0.000005, 0.000000, 0.000000, 0.000000, 0.028501, 0.000000, 0.000000, 0.000000, 0.000000, 0.000000, 0.000000, 0.000001, 
11.931492, 5000.000000, 65.835911, 0.631600, 5000.000000, 0.100000, 5000.000000, 4.727348, 3069.871018, 4567.252581, 0.100000, 3640.436304, 2904.351219, 1270.266347, 2399.655113, 4214.547455, 3829.838012, 0.140803, 2034.826311, 4271.058903, 4515.955795, 4714.847518, 4867.797140, 4968.017103, 0.108718, 2127.808429, 0.997238, 0.977059, 0.981439, 0.997725, 0.004064, 0.995679, 0.967303, 0.978031, 0.000001, 0.000000, 0.926091, 0.000000, 0.000000, 0.000000, 0.000000, 0.000000, 0.000000, 0.009602, 0.000000, 0.000000, 0.000000, 0.000000, 0.000000, 0.000000, 0.000000, 
2405.903561, 5000.000000, 8.133252, 74.816808, 5000.000000, 0.169234, 369.787027, 0.100000, 1327.621943, 3184.255857, 0.100000, 2861.600807, 2338.745669, 877.786837, 2127.410705, 4035.406599, 3710.654525, 5000.000000, 1964.381898, 4221.578589, 4483.534604, 4695.937696, 4859.085785, 4965.886606, 0.116781, 1651.212332, 0.982436, 0.045258, 0.997105, 0.994385, 0.001290, 0.997232, 0.000028, 0.978264, 0.000009, 0.000002, 0.922680, 0.000001, 0.000001, 0.000005, 0.000001, 0.000000, 0.000000, 0.008563, 0.000000, 0.000000, 0.000000, 0.000000, 0.000000, 0.000000, 0.000005, 
4963.404994, 5000.000000, 319.728913, 99.064425, 5000.000000, 0.332683, 0.100000, 0.111377, 0.100000, 2428.544696, 0.100000, 2875.832387, 2347.240176, 883.263183, 2130.113390, 4036.768999, 3711.309523, 4998.889379, 1964.438806, 4221.528109, 4483.449684, 4695.854828, 4859.025134, 4965.862622, 0.118990, 1489.267826, 0.993191, 0.993287, 0.950808, 0.097288, 0.001190, 0.996550, 0.990817, 0.968106, 0.041985, 0.000000, 0.934107, 0.000000, 0.000000, 0.000000, 0.000000, 0.000000, 0.000000, 0.000000, 0.000000, 0.000000, 0.000000, 0.000000, 0.000000, 0.000000, 0.000000, 
1.637115, 23.989021, 29.861550, 0.490992, 0.100000, 4372.685590, 0.201727, 5000.000000, 0.165321, 1584.126173, 1.630570, 2166.517532, 1786.711272, 568.436572, 1772.283545, 3745.293393, 3493.673197, 4838.515817, 1853.461846, 4144.963433, 4435.200386, 4669.137404, 4847.791728, 4963.831106, 0.179640, 2695.337495, 0.998334, 0.973235, 0.856583, 0.997019, 0.995470, 0.972458, 0.988257, 0.874381, 0.980582, 0.000005, 0.283260, 0.000002, 0.000002, 0.000008, 0.000001, 0.000000, 0.000000, 0.000000, 0.000000, 0.000000, 0.000000, 0.000000, 0.000000, 0.000000, 0.000005, 
4078.235452, 88.997282, 3.275856, 0.297596, 1162.497378, 0.100000, 4025.976041, 1101.097298, 0.100000, 2398.474057, 5000.000000, 2626.513664, 2124.848555, 854.096474, 1937.009301, 3854.539195, 3567.387261, 4886.846965, 1884.497584, 4163.667478, 4445.626074, 4674.044928, 4849.255588, 4963.693083, 0.146162, 2242.829328, 0.992976, 0.994788, 0.996424, 0.997885, 0.989653, 0.992841, 0.947724, 0.000002, 0.977495, 0.000002, 0.246513, 0.000001, 0.000001, 0.000004, 0.000000, 0.000000, 0.000000, 0.000000, 0.000000, 0.000000, 0.000000, 0.000000, 0.000000, 0.000000, 0.000003, 
5000.000000, 16.851674, 45.529946, 0.247516, 0.100000, 0.132430, 0.100000, 0.105734, 0.100000, 194.641400, 2218.175059, 738.161391, 625.763270, 53.069052, 908.936471, 2938.423867, 2869.470280, 4356.475393, 1519.523496, 3900.976665, 4276.652758, 4578.378311, 4807.686887, 4955.271963, 0.178400, 2241.829260, 0.871958, 0.994689, 0.957050, 0.997722, 0.992556, 0.987471, 0.942993, 0.952461, 0.944688, 0.000012, 0.000001, 0.000004, 0.000004, 0.000022, 0.000002, 0.000000, 0.000000, 0.000000, 0.000000, 0.000000, 0.000000, 0.000000, 0.000000, 0.000000, 0.000009, 
5000.000000, 500.571642, 5000.000000, 4565.984028, 15.402921, 5000.000000, 145.828963, 8.389561, 0.193977, 0.100000, 1688.807374, 379.913900, 358.340358, 0.100000, 742.339802, 2804.090816, 2767.292932, 4280.145368, 1464.664303, 3862.678114, 4251.800210, 4564.051213, 4801.206756, 4953.781383, 0.182329, 776.525922, 0.280676, 0.885799, 0.092655, 0.980238, 0.994624, 0.984257, 0.958595, 0.985373, 0.989494, 0.936557, 0.000001, 0.000008, 0.000007, 0.298253, 0.000001, 0.000000, 0.000000, 0.000000, 0.000000, 0.000000, 0.000000, 0.000000, 0.000000, 0.000000, 0.000002, 
5000.000000, 0.961985, 1.298901, 0.100000, 218.055832, 0.100000, 0.110373, 5000.000000, 0.169416, 99.495991, 1708.024262, 396.985667, 340.223527, 0.741491, 701.471765, 2768.902495, 2739.226575, 4258.466300, 1448.564472, 3851.208844, 4244.157771, 4559.477319, 4798.990894, 4953.189372, 0.200297, 2697.500212, 0.072364, 0.998264, 0.996030, 0.997023, 0.963655, 0.980746, 0.998918, 0.689690, 0.970729, 0.933033, 0.000000, 0.000004, 0.000003, 0.136443, 0.000000, 0.000000, 0.000000, 0.000000, 0.000000, 0.000000, 0.000000, 0.000000, 0.000000, 0.000000, 0.000000, 
5000.000000, 5000.000000, 5.981713, 5.134218, 2.201160, 2295.847096, 0.100000, 3176.786307, 5000.000000, 5000.000000, 1804.380457, 0.100000, 765.147017, 5000.000000, 705.729661, 2821.513908, 2769.765661, 4275.625360, 1452.771185, 3852.206247, 4242.232186, 4556.538546, 4796.296293, 4951.608905, 0.100000, 1549.418587, 0.051534, 0.986880, 0.996131, 0.993639, 0.995349, 0.953623, 0.995143, 0.000002, 0.712461, 0.000376, 0.000008, 0.736584, 0.005276, 0.105673, 0.000012, 0.000000, 0.000000, 0.000000, 0.000000, 0.000000, 0.000000, 0.000000, 0.000000, 0.000000, 0.000009, 
1.317076, 278.330048, 2.320912, 21.855268, 4.290661, 678.525948, 0.100000, 4433.775270, 5000.000000, 5000.000000, 2153.512281, 0.100000, 889.518155, 5000.000000, 757.666482, 2835.164520, 2777.347898, 4278.395685, 1454.182122, 3851.325931, 4240.874146, 4555.283584, 4795.451806, 4951.245455, 0.100000, 2589.877944, 0.998420, 0.865154, 0.996886, 0.982165, 0.991539, 0.000224, 0.995474, 0.000002, 0.000001, 0.000000, 0.000003, 0.879128, 0.000009, 0.000000, 0.000004, 0.000000, 0.000000, 0.000000, 0.000000, 0.000000, 0.000000, 0.000000, 0.000000, 0.000000, 0.000002, 
688.681039, 6.881879, 5.601855, 1.338796, 4888.402077, 0.100000, 3.644614, 0.100000, 483.102081, 831.223700, 0.100000, 1299.987531, 284.064123, 2763.000896, 29.937705, 1513.001061, 1731.432578, 3441.393509, 896.858489, 3423.351155, 3961.942821, 4395.908777, 4725.735048, 4936.950435, 0.124082, 1875.241447, 0.994683, 0.996380, 0.995768, 0.996822, 0.970168, 0.996099, 0.985768, 0.922006, 0.000029, 0.000008, 0.732280, 0.686072, 0.000213, 0.000001, 0.005224, 0.000001, 0.000000, 0.000000, 0.000000, 0.000000, 0.000000, 0.000000, 0.000000, 0.000000, 0.000012, 
5000.000000, 17.653195, 102.892521, 3.380526, 5000.000000, 0.100441, 5000.000000, 38.962628, 0.100000, 2176.761940, 5000.000000, 1240.937625, 289.841000, 2728.481723, 0.100000, 1523.550339, 1739.406035, 3447.073730, 900.923091, 3425.909806, 3963.466790, 4396.710195, 4726.059440, 4937.005773, 0.126553, 1671.943694, 0.955499, 0.994754, 0.971341, 0.996213, 0.000137, 0.996535, 0.856601, 0.940242, 0.965848, 0.000194, 0.729162, 0.000004, 0.000126, 0.000000, 0.212442, 0.000000, 0.000000, 0.000000, 0.000000, 0.000000, 0.000000, 0.000000, 0.000000, 0.000000, 0.000002, 
9.419932, 4806.568582, 7.921027, 2740.510319, 5000.000000, 0.130749, 2016.006284, 0.100000, 1471.614483, 2473.573661, 4981.312631, 1434.393527, 693.406719, 2795.580014, 0.100000, 1572.846969, 1780.402262, 3479.940957, 926.638575, 3444.718290, 3976.430563, 4404.735041, 4730.111861, 4938.212315, 0.152942, 1679.127290, 0.997850, 0.946224, 0.996639, 0.956586, 0.000205, 0.996600, 0.000002, 0.982201, 0.937575, 0.000006, 0.000000, 0.000004, 0.000036, 0.000000, 0.251812, 0.000000, 0.000000, 0.000000, 0.000000, 0.000000, 0.000000, 0.000000, 0.000000, 0.000000, 0.000001, 
4383.549018, 21.339739, 5000.000000, 8.381426, 5000.000000, 0.181420, 0.100000, 2503.790782, 0.100000, 92.451891, 2112.373947, 44.477929, 0.100000, 1526.610922, 5000.000000, 847.585597, 1186.770802, 2997.040129, 603.903929, 3193.566315, 3811.287253, 4308.978749, 4686.970938, 4928.573744, 0.129696, 1564.309179, 0.963852, 0.996213, 0.927759, 0.994156, 0.000329, 0.996949, 0.983343, 0.965169, 0.953955, 0.000021, 0.000001, 0.000032, 0.219497, 0.000001, 0.238050, 0.000001, 0.000001, 0.000000, 0.000001, 0.000000, 0.000000, 0.000000, 0.000000, 0.000000, 0.000007, 
8.799377, 3157.718442, 7.844122, 958.487015, 11.389610, 0.133734, 1.703984, 0.100000, 130.345178, 5000.000000, 1473.789063, 5000.000000, 343.212787, 1437.888443, 4535.239642, 931.748291, 1234.136856, 3009.892714, 665.058856, 3208.091529, 3821.940208, 4315.766330, 4690.202889, 4929.224130, 0.192564, 1749.038688, 0.997839, 0.921980, 0.996602, 0.893124, 0.989264, 0.997057, 0.977743, 0.973499, 0.901701, 0.761962, 0.000016, 0.676046, 0.649359, 0.000008, 0.000001, 0.000009, 0.000003, 0.000000, 0.000003, 0.000000, 0.000000, 0.000000, 0.000000, 0.000000, 0.000029, 
2413.851350, 5000.000000, 5000.000000, 5000.000000, 7.131958, 1.357142, 0.108432, 1.266203, 0.100000, 2925.508799, 311.350790, 3677.431441, 0.100000, 780.055139, 3952.898410, 564.162084, 945.723608, 2791.036365, 525.425990, 3108.710693, 3761.174870, 4283.570489, 4677.849606, 4927.836852, 0.376263, 1475.173002, 0.969818, 0.989709, 0.934539, 0.031101, 0.993444, 0.995793, 0.994117, 0.967387, 0.971862, 0.000001, 0.000009, 0.000000, 0.219075, 0.000002, 0.000000, 0.000002, 0.000001, 0.000000, 0.000001, 0.000000, 0.000000, 0.000000, 0.000000, 0.000000, 0.000006, 
3625.470787, 745.509214, 8.203362, 5.044976, 605.520169, 1176.980411, 0.110007, 5000.000000, 0.100000, 3923.333757, 2204.683462, 3923.069377, 0.100000, 865.158825, 4016.957647, 617.975639, 986.097286, 2821.077941, 548.112706, 3124.399974, 3771.636900, 4289.882280, 4680.985004, 4928.776811, 0.378710, 1505.966900, 0.996161, 0.995161, 0.996079, 0.996114, 0.943000, 0.936714, 0.995687, 0.825888, 0.958529, 0.000001, 0.000032, 0.000000, 0.757538, 0.000000, 0.000000, 0.000000, 0.000000, 0.000000, 0.000000, 0.000000, 0.000000, 0.000000, 0.000000, 0.000000, 0.000001, 
2.436219, 3345.761171, 357.645536, 633.552722, 15.654689, 0.106592, 0.157456, 4138.038647, 4511.947094, 3369.270090, 1562.619288, 3230.593768, 842.188771, 348.294018, 3604.243865, 299.084621, 738.107681, 2633.896847, 411.291679, 3027.333781, 3707.039515, 4251.127924, 4661.994171, 4923.206788, 0.265297, 2117.523071, 0.998914, 0.991933, 0.945413, 0.939944, 0.989139, 0.994484, 0.993966, 0.000001, 0.936267, 0.000001, 0.000002, 0.000001, 0.645608, 0.000007, 0.000000, 0.000005, 0.000001, 0.000000, 0.000001, 0.000000, 0.000000, 0.000000, 0.000000, 0.000000, 0.000008, 
1395.267433, 13.838659, 11.835502, 11.240891, 1655.337900, 0.100000, 5000.000000, 7.812837, 769.027326, 615.083440, 0.100000, 1849.489326, 0.100000, 0.174397, 3139.094052, 5000.000000, 455.698096, 2415.712616, 250.863019, 2909.095690, 3626.761058, 4202.021050, 4637.462355, 4915.901330, 0.131753, 1719.382666, 0.995624, 0.995549, 0.994832, 0.993445, 0.822267, 0.997505, 0.972179, 0.000278, 0.000005, 0.000006, 0.784092, 0.000002, 0.131200, 0.428279, 0.000001, 0.009845, 0.000007, 0.000000, 0.000007, 0.000000, 0.000000, 0.000000, 0.000000, 0.000000, 0.000023, 
5000.000000, 1649.944043, 4.637480, 2507.569403, 5000.000000, 1.219477, 5000.000000, 0.100000, 772.567714, 934.179182, 0.100000, 2115.301713, 0.100000, 0.369705, 3242.440082, 5000.000000, 514.026356, 2454.993546, 279.498181, 2927.117361, 3637.975421, 4208.208999, 4640.097293, 4916.410401, 0.119325, 1266.658629, 0.904327, 0.951649, 0.997532, 0.847438, 0.000683, 0.996067, 0.000050, 0.991573, 0.000045, 0.000011, 0.908714, 0.000000, 0.509191, 0.012160, 0.000000, 0.000000, 0.000000, 0.000000, 0.000000, 0.000000, 0.000000, 0.000000, 0.000000, 0.000000, 0.000000, 
4.026938, 1429.573444, 863.795624, 5000.000000, 5000.000000, 0.178378, 735.199201, 0.100000, 2424.850307, 1275.775348, 0.100000, 2160.469052, 0.100000, 66.643318, 3258.470072, 5000.000000, 520.308314, 2458.535460, 281.301100, 2927.882315, 3638.177051, 4208.149948, 4639.964064, 4916.318953, 0.114170, 1615.988407, 0.998588, 0.987972, 0.989470, 0.001263, 0.000232, 0.996087, 0.000014, 0.986637, 0.000019, 0.000007, 0.792380, 0.000000, 0.510256, 0.500999, 0.000000, 0.000000, 0.000000, 0.000000, 0.000000, 0.000000, 0.000000, 0.000000, 0.000000, 0.000000, 0.000000, 
4265.089814, 4400.292986, 4.361013, 11.571814, 5000.000000, 0.157762, 0.100000, 65.367331, 762.444426, 226.561365, 5000.000000, 1492.719708, 5000.000000, 0.100000, 2933.039423, 4744.625723, 357.639296, 2320.366917, 196.865077, 2860.783827, 3595.785639, 4184.792213, 4630.346895, 4914.768268, 0.193386, 1459.107946, 0.994292, 0.996420, 0.996632, 0.992104, 0.000204, 0.996225, 0.980085, 0.963560, 0.000010, 0.000030, 0.852749, 0.000004, 0.350534, 0.171681, 0.000000, 0.000000, 0.000005, 0.000000, 0.000005, 0.000000, 0.000000, 0.000000, 0.000000, 0.000000, 0.000006, 
18.247794, 2341.373873, 3052.190521, 5.395893, 5000.000000, 3.057529, 540.429656, 0.100000, 29.367931, 5000.000000, 3961.911956, 865.895529, 4586.461944, 5000.000000, 2788.192284, 4620.648884, 271.550192, 2238.979091, 142.324252, 2814.020280, 3563.531248, 4164.948123, 4620.511124, 4911.933194, 0.112759, 1099.271885, 0.997295, 0.985088, 0.985635, 0.995994, 0.001398, 0.994190, 0.977361, 0.993384, 0.000228, 0.382152, 0.000000, 0.000004, 0.000000, 0.574658, 0.000000, 0.000000, 0.000005, 0.000000, 0.000006, 0.000000, 0.000000, 0.000000, 0.000000, 0.000000, 0.000006, 
3096.848209, 3878.775657, 5.397183, 187.063568, 431.872183, 20.240541, 5000.000000, 0.100736, 5000.000000, 3742.590877, 3099.951062, 209.403514, 3959.193179, 4361.156108, 2357.081471, 4270.415335, 37.665064, 2023.986631, 12.635665, 2698.818305, 3486.754677, 4119.593264, 4599.442762, 4906.825636, 0.100000, 1037.885117, 0.969984, 0.996257, 0.997417, 0.970394, 0.845558, 0.987669, 0.960671, 0.994688, 0.015268, 0.000000, 0.000001, 0.000021, 0.000000, 0.000000, 0.000000, 0.000000, 0.000042, 0.000000, 0.000068, 0.000000, 0.000000, 0.000000, 0.000000, 0.000000, 0.000006, 
4368.283925, 4939.397773, 45.343301, 5000.000000, 856.352141, 3.172779, 5000.000000, 0.100000, 4126.350574, 3509.930289, 2870.072880, 1811.897835, 3730.537958, 4150.474399, 2175.134340, 4106.100513, 712.050196, 1906.532179, 510.392695, 2627.333030, 3437.946402, 4090.040024, 4585.250960, 4903.135773, 0.100000, 1009.143525, 0.989171, 0.992310, 0.988298, 0.644669, 0.162349, 0.994368, 0.000038, 0.994136, 0.000000, 0.000001, 0.000001, 0.000095, 0.000000, 0.000000, 0.000000, 0.000000, 0.000237, 0.000000, 0.000572, 0.000000, 0.000000, 0.000000, 0.000000, 0.000000, 0.000005, 
2223.143631, 4600.192317, 4300.034073, 11.534286, 5.052307, 3136.782405, 5000.000000, 0.100000, 2427.980105, 2079.755178, 1670.947449, 795.737990, 2930.369081, 3498.453517, 1641.259245, 3683.940267, 371.931496, 1649.911378, 317.118932, 2491.202638, 3347.465358, 4036.699070, 4560.556981, 4897.218366, 0.100000, 1021.315477, 0.914174, 0.995572, 0.921049, 0.992707, 0.994242, 0.958726, 0.000151, 0.995107, 0.000002, 0.000003, 0.000003, 0.000007, 0.000001, 0.000000, 0.000001, 0.000000, 0.000006, 0.000000, 0.000004, 0.000000, 0.000000, 0.000000, 0.000000, 0.000000, 0.000013, 
1015.655531, 683.918749, 5000.000000, 15.295524, 3002.651809, 5000.000000, 5000.000000, 0.105683, 266.726046, 335.230600, 333.429142, 0.100000, 2030.863363, 2752.363133, 1046.656828, 3196.829582, 49.790728, 1358.005924, 114.612392, 2335.645679, 3244.246243, 3976.061713, 4532.624279, 4890.591376, 0.100000, 962.081496, 0.991840, 0.970494, 0.993181, 0.988254, 0.976867, 0.004377, 0.000089, 0.995478, 0.000041, 0.000017, 0.000015, 0.793680, 0.000001, 0.000001, 0.000002, 0.000000, 0.000102, 0.000000, 0.000012, 0.000000, 0.000000, 0.000000, 0.000000, 0.000000, 0.000008, 
1306.941440, 10.613944, 5000.000000, 60.117336, 4.386190, 3855.351581, 5000.000000, 0.100664, 5000.000000, 1198.084923, 64.070504, 0.100000, 1955.091555, 2687.442061, 989.257087, 3152.245366, 1.029807, 1329.195704, 89.913570, 2318.365695, 3232.043658, 3968.376232, 4528.707361, 4889.441195, 0.100000, 1132.459617, 0.991885, 0.997274, 0.112101, 0.983055, 0.995789, 0.004823, 0.000073, 0.994298, 0.000521, 0.000081, 0.000110, 0.877730, 0.000001, 0.000000, 0.000002, 0.000000, 0.002178, 0.000000, 0.000018, 0.000000, 0.000000, 0.000000, 0.000000, 0.000000, 0.000003, 
4771.427210, 337.393494, 2.756649, 2516.863350, 1048.447256, 0.100000, 1628.215903, 0.168532, 5000.000000, 1686.850134, 0.100000, 5000.000000, 2152.072856, 2806.586394, 1053.473220, 3176.057683, 0.100000, 1333.535051, 91.961521, 2319.067385, 3232.060998, 3968.104399, 4528.398534, 4889.269689, 0.100000, 1687.743360, 0.990195, 0.982454, 0.997914, 0.986774, 0.970387, 0.994285, 0.000089, 0.992929, 0.000000, 0.000004, 0.833757, 0.834898, 0.000000, 0.000000, 0.000001, 0.000000, 0.015328, 0.000000, 0.000007, 0.000000, 0.000000, 0.000000, 0.000000, 0.000000, 0.000001, 
5000.000000, 0.840934, 1365.406501, 0.100000, 0.110538, 0.597730, 4094.615530, 490.072223, 4758.952597, 1598.589636, 5000.000000, 4712.811772, 1953.797403, 2659.216496, 956.355626, 3126.156159, 0.100000, 1330.237072, 90.166231, 2318.080816, 3231.578254, 3967.913250, 4528.364812, 4889.292447, 0.102357, 2677.747301, 0.843061, 0.998359, 0.989760, 0.995989, 0.992211, 0.991213, 0.000003, 0.936131, 0.000001, 0.000003, 0.838703, 0.000000, 0.000000, 0.000000, 0.000000, 0.000000, 0.017509, 0.000000, 0.000000, 0.000000, 0.000000, 0.000000, 0.000000, 0.000000, 0.000000, 
5000.000000, 5000.000000, 5000.000000, 10.694915, 106.133481, 0.228810, 0.100000, 0.100000, 1932.676343, 172.211107, 2878.454727, 3152.142962, 980.562122, 1962.418785, 619.396475, 3011.202448, 0.100000, 1330.332199, 90.711504, 2318.563618, 3231.988897, 3968.202312, 4528.527208, 4889.348216, 0.103401, 1491.055241, 0.504415, 0.990316, 0.019526, 0.994458, 0.981319, 0.996906, 0.029918, 0.985890, 0.000004, 0.000065, 0.000001, 0.000001, 0.000002, 0.000000, 0.000001, 0.000000, 0.066268, 0.000000, 0.000000, 0.000000, 0.000000, 0.000000, 0.000000, 0.000000, 0.000000, 
90.530196, 1237.437372, 5.529478, 629.262324, 22.070540, 4.391552, 0.100000, 1825.525634, 1606.991342, 0.100000, 3167.507847, 3350.863729, 1123.959681, 2051.040232, 679.085517, 3052.340973, 0.112614, 1361.746981, 116.957546, 2334.735042, 3242.624853, 3974.429890, 4531.409303, 4890.046807, 0.104110, 1431.183615, 0.992630, 0.988760, 0.997266, 0.962211, 0.988655, 0.990541, 0.995074, 0.911812, 0.000005, 0.944295, 0.000001, 0.000001, 0.000003, 0.000000, 0.000001, 0.000000, 0.081866, 0.000000, 0.000002, 0.000000, 0.000000, 0.000000, 0.000000, 0.000000, 0.000001, 
5.697813, 16.432396, 62.387772, 1.862092, 1.728006, 5000.000000, 0.100000, 5000.000000, 2656.470669, 0.100000, 3047.989676, 3249.302115, 1044.095809, 1994.442478, 644.979166, 3038.062317, 0.100000, 1362.844987, 117.729078, 2335.246731, 3242.941561, 3974.605153, 4531.486751, 4890.064971, 0.104047, 1976.577953, 0.998284, 0.994878, 0.989075, 0.996075, 0.994398, 0.898683, 0.993553, 0.000002, 0.000001, 0.952541, 0.000000, 0.000000, 0.000000, 0.000000, 0.000000, 0.000000, 0.000117, 0.000000, 0.000000, 0.000000, 0.000000, 0.000000, 0.000000, 0.000000, 0.000000, 
663.842070, 16.586982, 4.455111, 58.731534, 41.191435, 5000.000000, 0.100000, 1645.588617, 0.961546, 8.964843, 753.815130, 1427.253942, 0.100000, 913.796885, 0.321395, 2475.084860, 5000.000000, 1116.600943, 0.100000, 2234.710391, 3177.662236, 3936.916314, 4514.454651, 4886.154006, 0.100000, 1533.027654, 0.990694, 0.995902, 0.997524, 0.993689, 0.993431, 0.000081, 0.996067, 0.000003, 0.000548, 0.908621, 0.000006, 0.000002, 0.002196, 0.000002, 0.000409, 0.000000, 0.004110, 0.000001, 0.007977, 0.000000, 0.000000, 0.000000, 0.000000, 0.000000, 0.000008, 
5000.000000, 12.418642, 161.785375, 6.840840, 0.754939, 5000.000000, 0.100000, 3547.479081, 5000.000000, 0.100000, 1219.335977, 1654.422872, 0.100000, 929.626994, 0.419409, 2472.114369, 4997.722318, 1116.559493, 0.177679, 2234.701993, 3177.652710, 3936.909264, 4514.450749, 4886.152708, 0.100000, 1671.483288, 0.925326, 0.996563, 0.989790, 0.992963, 0.996299, 0.000127, 0.992995, 0.000003, 0.773311, 0.012211, 0.000004, 0.000000, 0.627474, 0.000000, 0.139353, 0.000000, 0.000000, 0.000000, 0.000011, 0.000000, 0.000000, 0.000000, 0.000000, 0.000000, 0.000000, 
12.523585, 384.847515, 4.477882, 2.943717, 120.631132, 5000.000000, 0.100000, 5000.000000, 5000.000000, 0.100000, 2029.107531, 2220.370354, 0.100000, 1119.857349, 0.100000, 2540.387571, 5000.000000, 1125.238862, 0.100000, 2234.375392, 3177.497868, 3936.848597, 4514.437270, 4886.156081, 0.100584, 1770.167264, 0.997300, 0.979718, 0.996529, 0.996270, 0.993024, 0.001111, 0.995116, 0.000001, 0.000001, 0.920006, 0.000005, 0.000001, 0.606726, 0.000000, 0.179175, 0.000000, 0.000000, 0.000000, 0.000842, 0.000000, 0.000000, 0.000000, 0.000000, 0.000000, 0.000000, 
530.790673, 2.595106, 50.641991, 12.747805, 7.456120, 5000.000000, 0.100000, 1566.378327, 2519.509198, 106.913579, 241.002394, 1393.232436, 5000.000000, 1314.159080, 0.100000, 2772.899422, 5000.000000, 1234.195364, 5000.000000, 2266.423518, 3194.295947, 3944.153730, 4516.328416, 4885.873581, 0.100000, 1895.577048, 0.978516, 0.998451, 0.981688, 0.994800, 0.992398, 0.001675, 0.995947, 0.000005, 0.000003, 0.891110, 0.000018, 0.000004, 0.622678, 0.000005, 0.353050, 0.000000, 0.000000, 0.000000, 0.007045, 0.000000, 0.000000, 0.000000, 0.000000, 0.000000, 0.000006, 
31.630358, 1497.932979, 14.493903, 5.868242, 4.532726, 5000.000000, 0.102076, 0.100000, 3079.518497, 0.100000, 5000.000000, 1833.902632, 4989.628872, 1318.117967, 5000.000000, 2744.122510, 4980.898116, 1223.540663, 4993.546117, 2263.400702, 3193.095779, 3943.950780, 4516.557504, 4886.109948, 0.116053, 1450.952276, 0.995719, 0.994360, 0.995291, 0.995463, 0.994558, 0.000068, 0.995390, 0.051100, 0.000005, 0.961070, 0.000858, 0.000003, 0.000000, 0.000001, 0.292970, 0.000000, 0.000000, 0.000000, 0.000000, 0.000000, 0.000000, 0.000000, 0.000000, 0.000000, 0.000001, 
305.239703, 5000.000000, 0.748049, 1923.206026, 3.880359, 0.100000, 0.544226, 34.002215, 3028.043476, 294.237566, 4589.296933, 1664.587939, 4706.690451, 1138.640315, 4777.263640, 2592.834360, 4846.139322, 1118.814563, 4906.306001, 2202.189900, 3150.781051, 3917.887561, 4503.637934, 4882.455244, 0.100000, 2239.832696, 0.965945, 0.105927, 0.998303, 0.985547, 0.991470, 0.994696, 0.987500, 0.979610, 0.000002, 0.812942, 0.000000, 0.000002, 0.000000, 0.000002, 0.000000, 0.000000, 0.000000, 0.000000, 0.000000, 0.000000, 0.000000, 0.000000, 0.000000, 0.000000, 0.000002, 
5.544567, 5000.000000, 2481.839352, 3828.406463, 3.475192, 0.100000, 5000.000000, 5000.000000, 1335.683615, 1.811546, 3287.714854, 643.726408, 3731.209144, 406.904523, 4095.916493, 2047.236016, 4405.283709, 787.899565, 4649.642021, 2019.300725, 3028.229853, 3845.233342, 4469.728088, 4874.153743, 0.100000, 1828.798995, 0.998460, 0.009948, 0.993894, 0.982950, 0.994737, 0.996729, 0.929139, 0.933013, 0.000007, 0.913664, 0.000001, 0.000010, 0.000001, 0.000010, 0.000000, 0.000000, 0.000000, 0.000001, 0.000000, 0.000000, 0.000000, 0.000000, 0.000000, 0.000000, 0.000007, 
2047.843687, 255.489002, 755.444366, 5000.000000, 5.128285, 0.130052, 0.100000, 667.648544, 0.100000, 1.716172, 1408.961026, 0.100000, 2278.890404, 0.100000, 3145.430472, 1332.620423, 3824.618516, 397.615931, 4328.756804, 1798.005782, 2882.712498, 3761.350986, 4432.375939, 4866.099281, 0.121671, 1630.002641, 0.993816, 0.981076, 0.915405, 0.017223, 0.992486, 0.997323, 0.844347, 0.000005, 0.965012, 0.715782, 0.000005, 0.691765, 0.000001, 0.037482, 0.000000, 0.000001, 0.000000, 0.000003, 0.000000, 0.000000, 0.000000, 0.000000, 0.000000, 0.000000, 0.000008, 
24.784408, 4.689914, 32.102728, 8.214424, 286.021735, 0.100000, 290.763115, 566.312839, 0.100000, 2.835735, 2006.945285, 0.100000, 2593.521271, 5000.000000, 3333.015351, 1481.446972, 3932.256033, 486.771368, 4385.629705, 1837.403087, 2907.822884, 3775.607403, 4438.685464, 4867.461810, 0.116190, 1878.723538, 0.996138, 0.997807, 0.996111, 0.993851, 0.913420, 0.996245, 0.970835, 0.000041, 0.966917, 0.840085, 0.000002, 0.664814, 0.000000, 0.032546, 0.000000, 0.000000, 0.000000, 0.000001, 0.000000, 0.000000, 0.000000, 0.000000, 0.000000, 0.000000, 0.000002, 
3807.904999, 6.924083, 44.353920, 432.918302, 0.124176, 3.005781, 0.100000, 0.318002, 4198.450053, 4047.529524, 518.513529, 2293.451952, 1299.319209, 3800.865187, 2387.072886, 779.682652, 3317.493292, 124.509201, 4029.906999, 1588.352754, 2739.936422, 3676.356337, 4392.711276, 4856.413855, 0.106099, 2068.672313, 0.996790, 0.997097, 0.994164, 0.963986, 0.997535, 0.992159, 0.976842, 0.944104, 0.913277, 0.348346, 0.000018, 0.410662, 0.000003, 0.000000, 0.000001, 0.000003, 0.000000, 0.000014, 0.000000, 0.000000, 0.000000, 0.000000, 0.000000, 0.000000, 0.000009, 
5000.000000, 5000.000000, 11.452117, 5000.000000, 7.366592, 3.158148, 4652.973399, 0.100000, 4603.959965, 4353.797031, 2012.911114, 2435.395481, 1412.108372, 3799.157637, 2368.540888, 767.538625, 3278.380340, 148.936619, 3996.879220, 1562.066958, 2720.236680, 3663.462810, 4385.896110, 4854.246385, 0.100000, 1263.412010, 0.791806, 0.986290, 0.996930, 0.006524, 0.994804, 0.994904, 0.970232, 0.993798, 0.000001, 0.000000, 0.000017, 0.000001, 0.000002, 0.000000, 0.000000, 0.000002, 0.000000, 0.000015, 0.000000, 0.000000, 0.000000, 0.000000, 0.000000, 0.000000, 0.000003, 
3208.244963, 4091.882774, 1739.837715, 4432.526574, 18.965712, 10.639455, 5000.000000, 0.105009, 1718.218729, 1934.088389, 202.272511, 862.714001, 227.849678, 2813.755345, 1643.852984, 271.808061, 2943.016446, 0.100000, 3842.987012, 1454.180211, 2649.547553, 3622.338214, 4367.111075, 4849.851804, 0.111371, 1215.312723, 0.991017, 0.994664, 0.984204, 0.991540, 0.983611, 0.991054, 0.000116, 0.996092, 0.000003, 0.000002, 0.000037, 0.000004, 0.000016, 0.000000, 0.000001, 0.000006, 0.000000, 0.024234, 0.000000, 0.000000, 0.000000, 0.000000, 0.000000, 0.000000, 0.000008, 
168.709335, 3643.815449, 2.592240, 1.351324, 1.624409, 819.904177, 5000.000000, 0.100000, 5000.000000, 5000.000000, 5000.000000, 3934.465985, 5000.000000, 3583.722829, 2164.314741, 722.398764, 3090.281977, 7.330912, 3906.710038, 1498.104311, 2677.302779, 3637.814258, 4373.697403, 4851.090374, 0.107587, 2196.199350, 0.992668, 0.992966, 0.997840, 0.996921, 0.995321, 0.955076, 0.003740, 0.994943, 0.000007, 0.000004, 0.000312, 0.000008, 0.000072, 0.000000, 0.000001, 0.000011, 0.000000, 0.013017, 0.000000, 0.000000, 0.000000, 0.000000, 0.000000, 0.000000, 0.000007, 
6.384146, 11.481493, 1626.592103, 0.102762, 1309.574114, 5000.000000, 0.100000, 0.113459, 2493.768719, 3007.919812, 3426.863579, 2730.453403, 4053.329457, 2891.969440, 1644.516890, 328.512915, 2886.414484, 0.100000, 3788.743131, 1408.253166, 2612.917994, 3597.168428, 4353.145826, 4845.183634, 0.100987, 2918.712334, 0.997803, 0.995685, 0.985973, 0.998612, 0.977708, 0.965979, 0.975555, 0.987557, 0.000006, 0.000004, 0.000002, 0.000002, 0.000001, 0.000001, 0.000001, 0.000008, 0.000000, 0.027542, 0.000000, 0.000000, 0.000000, 0.000000, 0.000000, 0.000000, 0.000010, 
5000.000000, 1368.928941, 5000.000000, 0.669419, 0.143706, 0.100000, 0.126120, 0.177437, 3543.774247, 3696.394413, 3883.407208, 3039.191068, 4236.703041, 2997.205621, 1693.712271, 341.931662, 2880.359612, 0.100000, 3790.574217, 1409.606314, 2613.826327, 3597.706668, 4353.401296, 4845.251964, 0.101334, 2358.126376, 0.934232, 0.749431, 0.010365, 0.997858, 0.996745, 0.976357, 0.958944, 0.983829, 0.000000, 0.000000, 0.000000, 0.000000, 0.000000, 0.000000, 0.000000, 0.000000, 0.000000, 0.001210, 0.000000, 0.000000, 0.000000, 0.000000, 0.000000, 0.000000, 0.000000, 
10.858617, 5000.000000, 9.593423, 175.626681, 35.489084, 0.102194, 5000.000000, 5000.000000, 0.100000, 1642.066857, 1023.383387, 793.693633, 2478.768232, 1751.049481, 894.859962, 2302.672748, 2734.045906, 0.100000, 3794.610366, 1412.542123, 2615.782811, 3598.859503, 4353.943655, 4845.392284, 0.101771, 1995.574732, 0.997968, 0.074712, 0.996847, 0.982978, 0.987093, 0.997847, 0.952953, 0.942187, 0.961586, 0.000228, 0.000012, 0.000011, 0.000001, 0.000001, 0.000001, 0.006005, 0.000000, 0.027480, 0.000000, 0.000000, 0.000000, 0.000000, 0.000000, 0.000000, 0.000000, 
4629.167839, 5000.000000, 1916.127579, 13.267573, 4.873097, 0.142442, 0.100000, 1.231924, 3889.860707, 0.100000, 2.828471, 0.100000, 1084.194977, 777.183317, 299.652905, 1895.869354, 2552.891592, 41.581567, 3767.930794, 1397.187833, 2607.764936, 3595.465032, 4353.203774, 4845.689110, 0.149101, 1852.970141, 0.964343, 0.797184, 0.925152, 0.993383, 0.993512, 0.997441, 0.983301, 0.000778, 0.950587, 0.910075, 0.659372, 0.663825, 0.000002, 0.000002, 0.000004, 0.000000, 0.000000, 0.058235, 0.000000, 0.000000, 0.000000, 0.000000, 0.000000, 0.000000, 0.000001, 
54.931814, 5000.000000, 826.813933, 6.852620, 3260.385035, 0.100000, 5000.000000, 1515.846117, 0.100000, 1734.072264, 237.624577, 211.916486, 0.100000, 0.600141, 0.212474, 1437.737288, 2240.287011, 0.100000, 3621.510885, 1296.354502, 2540.109396, 3555.730990, 4334.874275, 4841.275856, 0.118566, 1920.947134, 0.990433, 0.862346, 0.976493, 0.994688, 0.967158, 0.997867, 0.978783, 0.954682, 0.940251, 0.863199, 0.871376, 0.767829, 0.135267, 0.000237, 0.400840, 0.000001, 0.000000, 0.046911, 0.000000, 0.000000, 0.000000, 0.000000, 0.000000, 0.000000, 0.000005, 
4546.335189, 8.118610, 9.081737, 797.756437, 1.026251, 0.100000, 344.722539, 72.239777, 776.958007, 1397.079541, 0.100000, 730.444163, 0.100000, 4.017938, 0.149298, 1456.978148, 2248.676999, 160.106702, 3622.995975, 1297.351978, 2540.736464, 3556.083472, 4335.031626, 4841.312217, 0.118251, 2040.180976, 0.902807, 0.997402, 0.996344, 0.937912, 0.995582, 0.996803, 0.000023, 0.937764, 0.941115, 0.000006, 0.873645, 0.000065, 0.611353, 0.161287, 0.016415, 0.000000, 0.000000, 0.001650, 0.000000, 0.000000, 0.000000, 0.000000, 0.000000, 0.000000, 0.000000, 
6.680529, 185.716971, 6.192878, 2256.375255, 3.491606, 0.100000, 5000.000000, 5000.000000, 0.100000, 2476.821863, 5000.000000, 1336.812180, 11.527529, 5000.000000, 5000.000000, 1592.036541, 2326.523485, 208.841719, 3642.651867, 1304.456719, 2541.053764, 3553.534665, 4332.058388, 4839.587074, 0.100000, 1937.035986, 0.998128, 0.986850, 0.996665, 0.986475, 0.993703, 0.997137, 0.960479, 0.938755, 0.967918, 0.000043, 0.852030, 0.000026, 0.670997, 0.000195, 0.001776, 0.000001, 0.000000, 0.000022, 0.000000, 0.000000, 0.000000, 0.000000, 0.000000, 0.000000, 0.000005, 
1787.944093, 5.769472, 550.700651, 12.751898, 23.188371, 0.108121, 0.100000, 0.372252, 456.091548, 0.100000, 2451.294517, 0.100000, 5000.000000, 3763.439938, 4065.584891, 912.038377, 1848.722448, 0.429861, 3406.845936, 1141.190751, 2434.591432, 3492.153761, 4304.424635, 4833.342856, 0.105075, 1672.873500, 0.977563, 0.997734, 0.945339, 0.993737, 0.990359, 0.997356, 0.543339, 0.002870, 0.942843, 0.906028, 0.000002, 0.784329, 0.353756, 0.000000, 0.000000, 0.000002, 0.000000, 0.043331, 0.000000, 0.000000, 0.000000, 0.000000, 0.000000, 0.000000, 0.000008, 
5000.000000, 27.156757, 5.945232, 3.920307, 2.644984, 0.100000, 5000.000000, 8.585332, 0.100000, 0.104747, 2625.181288, 9.179677, 5000.000000, 3820.582000, 4106.981861, 941.502824, 1868.277872, 5000.000000, 3413.574958, 1144.808500, 2436.261641, 3492.702332, 4304.413315, 4833.197039, 0.100000, 1774.922437, 0.978350, 0.991418, 0.995919, 0.995160, 0.992334, 0.996159, 0.957385, 0.758362, 0.903613, 0.919809, 0.000000, 0.828759, 0.000000, 0.000000, 0.000000, 0.000000, 0.000000, 0.002087, 0.000000, 0.000000, 0.000000, 0.000000, 0.000000, 0.000000, 0.000000, 
2435.082469, 6.251502, 43.156501, 1781.984894, 7.836581, 0.101119, 2163.785434, 5000.000000, 0.100000, 837.440281, 2585.578192, 1020.889029, 4948.774568, 3772.040878, 4063.770620, 904.742804, 1838.314452, 4976.454309, 3395.805107, 1132.051841, 2427.719595, 3487.600879, 4301.975372, 4832.564663, 0.103380, 1649.116639, 0.894044, 0.997274, 0.993987, 0.987103, 0.990478, 0.996589, 0.000002, 0.043201, 0.973674, 0.823011, 0.000000, 0.000672, 0.000000, 0.000000, 0.000000, 0.000000, 0.000000, 0.000000, 0.000000, 0.000000, 0.000000, 0.000000, 0.000000, 0.000000, 0.000000, 
3182.469079, 4649.818821, 4.736363, 250.222049, 7.117448, 0.150500, 0.100224, 1099.753770, 1823.058900, 1204.003259, 717.199715, 0.100000, 3517.164642, 2632.855170, 3144.692132, 294.994607, 1298.836820, 4550.210126, 3085.699281, 920.482302, 2286.137835, 3405.605424, 4265.258779, 4824.519208, 0.122573, 1584.000650, 0.903852, 0.994834, 0.996061, 0.836710, 0.991587, 0.996712, 0.999704, 0.000009, 0.939547, 0.856265, 0.000013, 0.661292, 0.000001, 0.000001, 0.000000, 0.000010, 0.000001, 0.000000, 0.000000, 0.000000, 0.000000, 0.000000, 0.000000, 0.000000, 0.000007, 
5000.000000, 4409.566490, 1560.165649, 5000.000000, 2.807555, 0.125936, 4119.185888, 0.100000, 507.415649, 5000.000000, 0.100000, 0.100000, 2278.747223, 1644.322409, 2328.645388, 0.370263, 821.171615, 4159.520374, 2799.868860, 725.784114, 2153.970834, 3328.454335, 4230.270895, 4816.565872, 0.110625, 1586.150207, 0.993496, 0.993611, 0.984674, 0.012064, 0.993730, 0.996747, 0.977380, 0.968108, 0.000150, 0.002415, 0.658115, 0.726595, 0.000001, 0.000001, 0.000000, 0.001732, 0.000001, 0.000000, 0.000000, 0.000000, 0.000000, 0.000000, 0.000000, 0.000000, 0.000006, 
16.257913, 26.860709, 16.106534, 14.319229, 1152.743313, 0.109355, 437.994266, 5000.000000, 0.100000, 4378.076035, 5000.000000, 5000.000000, 1977.115287, 1393.162713, 2110.779534, 5000.000000, 668.223806, 4030.679157, 2700.656891, 654.137549, 2103.994150, 3297.981274, 4215.485464, 4812.597926, 0.100000, 1662.494717, 0.996563, 0.995793, 0.994456, 0.993109, 0.942828, 0.996827, 0.000016, 0.951452, 0.968080, 0.000002, 0.549464, 0.353597, 0.000002, 0.000003, 0.000001, 0.044249, 0.000002, 0.000000, 0.000000, 0.000000, 0.000000, 0.000000, 0.000000, 0.000000, 0.000005, 
856.187926, 6.418761, 4.461039, 2009.686284, 9.181990, 0.260900, 0.100000, 1896.750926, 5000.000000, 2356.066217, 3326.618302, 3675.607274, 1061.847762, 715.505433, 1549.526854, 4563.781372, 391.648268, 3807.475324, 2547.923526, 556.865645, 2042.574140, 3264.990559, 4202.342960, 4810.568518, 0.131757, 1732.303345, 0.970306, 0.997387, 0.997199, 0.873218, 0.990535, 0.995562, 0.991898, 0.000004, 0.946300, 0.000002, 0.000001, 0.000001, 0.000004, 0.000005, 0.000001, 0.000000, 0.000005, 0.000000, 0.000000, 0.000001, 0.000000, 0.000000, 0.000000, 0.000000, 0.000006, 
5000.000000, 1422.742765, 14.142806, 5000.000000, 3.880968, 0.126996, 1163.534149, 0.100000, 1544.823116, 323.778286, 1040.285736, 1630.685772, 193.349248, 0.100000, 529.771633, 3614.999276, 3.361041, 3249.854975, 2142.762427, 297.640085, 1855.814309, 3156.112589, 4153.310648, 4799.644508, 0.123946, 1754.969714, 0.993271, 0.986755, 0.986702, 0.002020, 0.993927, 0.997023, 0.986391, 0.978771, 0.000006, 0.000056, 0.000006, 0.000002, 0.000341, 0.222378, 0.000004, 0.000000, 0.001241, 0.000000, 0.000000, 0.000001, 0.000000, 0.000000, 0.000000, 0.000000, 0.000007, 
8.219601, 2515.577175, 4364.645369, 9.778287, 5000.000000, 0.232481, 0.100000, 407.080742, 0.100000, 5000.000000, 149.005541, 778.381634, 0.100000, 5000.000000, 509.707887, 3600.349244, 4.991101, 3242.332216, 2137.561283, 294.184297, 1853.615601, 3154.878225, 4152.774267, 4799.539329, 0.128406, 1734.612212, 0.998001, 0.983262, 0.992542, 0.994756, 0.978668, 0.996990, 0.987209, 0.967190, 0.948854, 0.835592, 0.000172, 0.000002, 0.003688, 0.674495, 0.000000, 0.000000, 0.000444, 0.000000, 0.000000, 0.000000, 0.000000, 0.000000, 0.000000, 0.000000, 0.000000, 
39.958553, 1744.830032, 2.103691, 33.089865, 5.451689, 0.130084, 416.106593, 0.100000, 0.964220, 4826.536762, 3755.423200, 1076.492697, 5000.000000, 4865.315267, 539.389323, 3604.467062, 4.900657, 3234.489810, 2130.038625, 288.276292, 1848.742267, 3151.593575, 4150.951072, 4798.929766, 0.138243, 2166.170650, 0.993469, 0.996950, 0.998213, 0.971991, 0.990967, 0.996263, 0.983755, 0.978149, 0.983867, 0.000000, 0.000200, 0.000003, 0.430622, 0.000000, 0.000002, 0.000000, 0.002175, 0.000000, 0.000000, 0.000000, 0.000000, 0.000000, 0.000000, 0.000000, 0.000001, 
5000.000000, 5000.000000, 149.712128, 5000.000000, 1.495910, 0.405841, 0.100000, 0.101069, 5000.000000, 5000.000000, 3875.290790, 1140.405803, 4996.740262, 4828.276021, 481.589372, 3538.191465, 5000.000000, 3189.822790, 2096.977642, 264.996342, 1833.188110, 3142.343845, 4146.520639, 4797.739662, 0.130559, 1842.989727, 0.991854, 0.993419, 0.992440, 0.992839, 0.996213, 0.994807, 0.986107, 0.984876, 0.829541, 0.000000, 0.000000, 0.000001, 0.000000, 0.000000, 0.000001, 0.000000, 0.012828, 0.000000, 0.000000, 0.000000, 0.000000, 0.000000, 0.000000, 0.000000, 0.000000, 
5000.000000, 3.156986, 8.274491, 3709.464966, 1860.067936, 0.107320, 4984.516865, 5000.000000, 0.100000, 189.016663, 76.228865, 5000.000000, 2767.245584, 3169.474729, 5000.000000, 2557.803137, 4268.689213, 2634.947900, 1693.366313, 0.100000, 1651.017455, 3034.580059, 4095.205780, 4784.328940, 0.100000, 2478.096970, 0.872756, 0.998405, 0.997107, 0.992649, 0.978190, 0.997964, 0.982487, 0.943146, 0.470852, 0.000032, 0.000055, 0.682677, 0.000001, 0.000001, 0.189989, 0.000001, 0.000000, 0.000000, 0.000000, 0.003915, 0.000000, 0.000000, 0.000000, 0.000000, 0.000019, 
5000.000000, 570.817470, 7.394706, 34.129420, 3.429092, 0.104556, 0.133419, 0.100000, 590.727666, 98.698359, 0.100000, 1890.392387, 555.163221, 1320.436053, 3502.392254, 1493.152073, 3471.617078, 2093.275447, 1344.093054, 0.199729, 1509.543416, 2953.907779, 4060.158769, 4777.216095, 0.124118, 2130.510470, 0.125176, 0.994601, 0.997505, 0.994599, 0.994553, 0.997727, 0.001450, 0.142180, 0.955679, 0.934457, 0.886862, 0.000002, 0.000005, 0.000001, 0.000000, 0.000001, 0.000000, 0.000000, 0.000000, 0.006013, 0.000000, 0.000000, 0.000000, 0.000000, 0.000004, 
12.207341, 4079.764344, 1789.195191, 1.543056, 0.100000, 0.408965, 0.100000, 0.472124, 569.306778, 0.100000, 0.100000, 1654.542543, 353.937474, 1166.406773, 3387.110144, 1410.367049, 3417.231455, 2062.108252, 1331.366411, 0.745199, 1509.921180, 2954.202859, 4060.343628, 4777.290776, 0.126503, 2719.726640, 0.998056, 0.986904, 0.992449, 0.996852, 0.996387, 0.992711, 0.976525, 0.979452, 0.000002, 0.651804, 0.685227, 0.000000, 0.000001, 0.000000, 0.000000, 0.000000, 0.000000, 0.000000, 0.000000, 0.000352, 0.000000, 0.000000, 0.000000, 0.000000, 0.000000, 
3551.707596, 5000.000000, 5000.000000, 2624.037618, 16.217216, 11.253490, 56.665170, 0.138798, 0.100000, 5000.000000, 5000.000000, 1045.704032, 0.100000, 914.233245, 2957.939338, 1124.794217, 3192.634014, 1952.590201, 1304.670403, 5000.000000, 1508.115659, 2953.235637, 4059.962455, 4777.243636, 0.132274, 1223.362370, 0.983989, 0.507458, 0.108442, 0.960752, 0.995183, 0.994480, 0.987932, 0.995053, 0.952500, 0.697042, 0.876257, 0.000682, 0.782380, 0.000730, 0.000052, 0.000162, 0.000011, 0.000008, 0.000002, 0.210246, 0.000000, 0.000000, 0.000000, 0.000000, 0.000001, 
4.907936, 4.434178, 3576.076796, 0.353092, 1454.913720, 0.156046, 0.100000, 0.198803, 0.103327, 0.100000, 55.923162, 0.100000, 39.044096, 188.916191, 257.864660, 7.590376, 925.280437, 458.368673, 291.807159, 3871.784674, 901.473031, 2571.904832, 3906.065409, 4756.742639, 2.322004, 3125.080432, 0.998118, 0.996935, 0.995095, 0.995639, 0.988551, 0.995042, 0.956994, 0.992692, 0.962776, 0.300383, 0.000076, 0.416002, 0.625024, 0.003821, 0.000077, 0.000402, 0.000032, 0.000056, 0.000074, 0.000003, 0.000014, 0.000001, 0.000000, 0.000000, 0.000966, 
463.978173, 27.159436, 5000.000000, 0.219221, 0.100000, 1092.668232, 830.439138, 0.100000, 5000.000000, 0.100000, 0.100000, 0.100000, 41.420576, 186.062365, 252.107401, 5.688358, 918.207159, 452.180210, 286.664816, 3867.618942, 898.323439, 2569.643549, 3904.577215, 4755.919228, 2.094766, 2773.891974, 0.988942, 0.995752, 0.001295, 0.998211, 0.995577, 0.980383, 0.964127, 0.971040, 0.810455, 0.882472, 0.277606, 0.399573, 0.000017, 0.000000, 0.000000, 0.000091, 0.000000, 0.000000, 0.000000, 0.000000, 0.000000, 0.000000, 0.000000, 0.000000, 0.000000, 
5000.000000, 841.293673, 5000.000000, 88.084372, 0.583715, 0.109117, 0.100000, 880.423935, 2872.958462, 0.100000, 0.100000, 0.100000, 34.453139, 179.626682, 247.916163, 5.161637, 916.562377, 451.132783, 286.017069, 3867.234029, 898.120338, 2569.561338, 3904.572093, 4755.954641, 2.133826, 1922.561592, 0.094269, 0.871949, 0.018764, 0.986036, 0.997316, 0.994741, 0.008147, 0.927127, 0.000000, 0.904732, 0.404019, 0.196752, 0.000001, 0.000000, 0.000000, 0.000007, 0.000000, 0.000000, 0.000000, 0.000000, 0.000000, 0.000000, 0.000000, 0.000000, 0.000000, 
29.566696, 3288.675400, 9.267960, 12.775589, 2381.691527, 0.113682, 0.100000, 734.895970, 2974.082792, 0.100000, 5000.000000, 5000.000000, 1.107042, 149.416553, 222.970745, 0.100000, 901.163327, 439.269259, 277.045664, 3860.552424, 893.339580, 2566.298314, 3902.531405, 4754.898952, 1.914236, 1890.929014, 0.996126, 0.980247, 0.996483, 0.994143, 0.977633, 0.995644, 0.000000, 0.000009, 0.000000, 0.908359, 0.258281, 0.287653, 0.000410, 0.000007, 0.000002, 0.009607, 0.000000, 0.000000, 0.000000, 0.000000, 0.000000, 0.000000, 0.000000, 0.000000, 0.000001, 
7.117198, 154.067553, 75.131128, 0.341299, 0.100000, 0.336386, 34.958939, 0.158725, 514.525520, 0.100000, 3562.028361, 4476.137463, 1.176625, 166.589457, 226.861961, 23.446274, 906.506049, 443.781594, 280.631498, 3863.247905, 895.259330, 2567.571341, 3903.284971, 4755.248195, 1.960305, 2538.316367, 0.997544, 0.946248, 0.980665, 0.996932, 0.993654, 0.996136, 0.973253, 0.981041, 0.000024, 0.929511, 0.000001, 0.000000, 0.816976, 0.000001, 0.000000, 0.007518, 0.000000, 0.000000, 0.000000, 0.000000, 0.000000, 0.000000, 0.000000, 0.000000, 0.000000, 
4612.126994, 642.080855, 18.127709, 2157.496195, 0.223250, 1926.466152, 5000.000000, 0.100000, 5000.000000, 5000.000000, 4066.508461, 4863.691129, 0.100000, 3603.918740, 1111.101870, 5000.000000, 1112.561637, 611.567479, 406.806775, 3936.429952, 945.047447, 2597.395776, 3918.473991, 4759.663822, 0.950931, 2105.212686, 0.987701, 0.995604, 0.994689, 0.989882, 0.997671, 0.942864, 0.735044, 0.984378, 0.312526, 0.777213, 0.000001, 0.000000, 0.631297, 0.000147, 0.000041, 0.001586, 0.000001, 0.000002, 0.000003, 0.000000, 0.000000, 0.000000, 0.000000, 0.000000, 0.000023, 
5000.000000, 5000.000000, 531.764289, 5000.000000, 1.215273, 0.327271, 0.100000, 0.100000, 5000.000000, 5000.000000, 4386.686240, 4837.138371, 3.396447, 3434.530362, 972.732467, 4890.312985, 1026.624411, 545.870926, 357.865620, 3901.155687, 920.725768, 2581.845017, 3909.811316, 4756.171869, 0.749394, 1664.927079, 0.378417, 0.052940, 0.924669, 0.002081, 0.996871, 0.994693, 0.286692, 0.989732, 0.000000, 0.000000, 0.000000, 0.000000, 0.641690, 0.000000, 0.000001, 0.000000, 0.000000, 0.000000, 0.000000, 0.000000, 0.000000, 0.000000, 0.000000, 0.000000, 0.000005, 
18.488829, 1907.577510, 22.210920, 14.162925, 5000.000000, 0.100000, 5000.000000, 5000.000000, 3445.440093, 4217.511046, 4946.928850, 5000.000000, 0.100000, 3869.351359, 1367.476338, 5000.000000, 1249.548537, 718.288399, 482.139381, 3971.760381, 965.112545, 2605.067169, 3918.890404, 4757.137527, 0.314474, 1863.106384, 0.996768, 0.990805, 0.995860, 0.993862, 0.974875, 0.997530, 0.977923, 0.798907, 0.000067, 0.000031, 0.000015, 0.000003, 0.954031, 0.000000, 0.000005, 0.000000, 0.000003, 0.000006, 0.000009, 0.000000, 0.000000, 0.000000, 0.000000, 0.000000, 0.000114, 
2.641482, 3.080733, 985.197442, 5.830785, 2.051762, 0.100000, 3334.384328, 5000.000000, 3917.027334, 4695.371776, 5000.000000, 4823.927306, 0.100000, 3797.646373, 1369.394232, 4973.478647, 1255.859255, 734.081104, 497.567942, 3971.804543, 966.376886, 2604.698685, 3917.985277, 4756.196830, 0.485106, 2654.192486, 0.998415, 0.997758, 0.988672, 0.991686, 0.986085, 0.997385, 0.000004, 0.000002, 0.000004, 0.000002, 0.000001, 0.000001, 0.769389, 0.000001, 0.000004, 0.000000, 0.000002, 0.000003, 0.000003, 0.000000, 0.000000, 0.000000, 0.000000, 0.000000, 0.000032, 
311.203318, 14.177659, 5000.000000, 1.219483, 0.100329, 14.548855, 0.100000, 1004.010687, 573.027676, 1286.757289, 1920.628554, 2573.561984, 0.100000, 2519.526301, 592.536290, 4063.349063, 742.519150, 385.016203, 254.423481, 3735.208491, 824.595751, 2518.321388, 3879.733819, 4748.658195, 1.894682, 2350.747896, 0.992390, 0.995509, 0.980895, 0.997217, 0.997544, 0.992660, 0.979255, 0.000148, 0.000048, 0.000004, 0.000001, 0.000000, 0.781019, 0.000000, 0.000001, 0.000000, 0.000001, 0.000001, 0.000001, 0.000000, 0.000000, 0.000000, 0.000000, 0.000000, 0.000013, 
7.138805, 5000.000000, 5000.000000, 5000.000000, 0.919326, 0.100000, 5000.000000, 0.100000, 0.284819, 15.860771, 150.410495, 647.657638, 5000.000000, 1066.906266, 15.117760, 2985.318533, 186.596931, 44.281985, 20.688028, 3410.703269, 627.859643, 2393.352996, 3820.171017, 4733.320279, 5.227088, 2036.320520, 0.998503, 0.964187, 0.005365, 0.960355, 0.997403, 0.996154, 0.970229, 0.968203, 0.960603, 0.000367, 0.000018, 0.000004, 0.446349, 0.000002, 0.000057, 0.000000, 0.000005, 0.000014, 0.000020, 0.000000, 0.000000, 0.000000, 0.000000, 0.000000, 0.000056, 
2562.070229, 4785.683636, 4.637817, 11.502106, 30.032131, 0.119982, 1713.104449, 0.100000, 1010.220418, 5000.000000, 457.659264, 400.224094, 4771.769317, 864.713375, 0.100000, 2857.470725, 96.191084, 4.433521, 6.020837, 3367.983638, 597.415057, 2372.499015, 3807.060651, 4726.335286, 3.703548, 2026.327271, 0.993466, 0.997592, 0.997692, 0.994228, 0.992521, 0.996351, 0.000003, 0.987625, 0.909937, 0.898635, 0.000717, 0.000006, 0.000000, 0.000001, 0.098478, 0.000000, 0.000008, 0.003120, 0.000871, 0.000000, 0.000000, 0.000000, 0.000000, 0.000000, 0.000005, 
91.668331, 5000.000000, 306.991449, 3.265040, 5000.000000, 0.100000, 52.968084, 5000.000000, 0.100000, 4661.512782, 0.100000, 0.100000, 4464.559548, 617.496904, 5000.000000, 2791.668521, 70.699834, 1.932222, 84.347902, 3374.993113, 601.521361, 2374.670140, 3807.998041, 4726.563039, 3.848852, 2071.100022, 0.997412, 0.963893, 0.986546, 0.997209, 0.287289, 0.997466, 0.000075, 0.968097, 0.954962, 0.000002, 0.813051, 0.122764, 0.000000, 0.000005, 0.080267, 0.000000, 0.000012, 0.008910, 0.000451, 0.000000, 0.000000, 0.000000, 0.000000, 0.000000, 0.000003, 
4497.675814, 6.414474, 96.337917, 3.626210, 4529.124572, 0.208953, 0.100000, 4232.885102, 2402.156789, 4599.351184, 41.212350, 151.380520, 4816.809283, 1254.121793, 4900.574207, 2957.157025, 273.895329, 960.556055, 91.150118, 3378.252081, 604.840184, 2377.860072, 3810.981535, 4729.057692, 8.418478, 2033.081351, 0.996721, 0.997638, 0.972805, 0.996240, 0.985025, 0.997237, 0.988608, 0.000002, 0.923856, 0.000001, 0.900933, 0.677814, 0.000000, 0.000011, 0.000000, 0.000000, 0.000118, 0.012936, 0.000028, 0.000000, 0.000000, 0.000000, 0.000000, 0.000000, 0.000025, 
46.251851, 30.687702, 0.100000, 2248.360201, 223.008520, 1.731683, 5000.000000, 0.100000, 21.650129, 1186.230335, 0.214440, 577.397059, 3656.963022, 555.891502, 4180.969808, 2427.166712, 58.557188, 694.610983, 11.706214, 3231.355745, 514.895284, 2321.164007, 3783.548172, 4722.543651, 32.535547, 3856.141108, 0.931796, 0.992237, 0.997005, 0.993974, 0.004588, 0.997423, 0.986713, 0.992311, 0.945364, 0.000045, 0.975080, 0.009401, 0.000000, 0.000005, 0.000000, 0.000000, 0.000029, 0.000001, 0.000152, 0.000000, 0.000000, 0.000000, 0.000000, 0.000000, 0.000044, 
5000.000000, 5.726987, 4.751631, 5000.000000, 1.152632, 0.100000, 0.136890, 5000.000000, 0.100000, 2091.155397, 5000.000000, 5000.000000, 4115.814726, 555.245817, 4373.815229, 2518.850445, 535.639904, 651.109115, 5000.000000, 3180.091657, 463.568043, 2281.047944, 3750.745164, 4696.753713, 3.318432, 2134.557350, 0.848859, 0.997920, 0.997461, 0.000546, 0.994427, 0.996944, 0.000961, 0.955993, 0.960633, 0.000062, 0.677705, 0.003192, 0.000001, 0.000041, 0.000000, 0.000001, 0.008497, 0.000003, 0.005068, 0.000000, 0.000001, 0.000000, 0.000000, 0.000000, 0.000065, 
5000.000000, 1106.849219, 557.488290, 5000.000000, 13.400019, 0.307168, 1264.615947, 0.100000, 764.986666, 0.100000, 967.925835, 1387.246206, 1243.025731, 0.100000, 2356.941680, 1106.197050, 100.981815, 134.246617, 4214.506668, 2629.641551, 193.808426, 2041.332822, 3620.102497, 4650.330433, 0.609454, 1556.137357, 0.887897, 0.961577, 0.939475, 0.010687, 0.991574, 0.997800, 0.956030, 0.982604, 0.924456, 0.960657, 0.000009, 0.000005, 0.000005, 0.646437, 0.000002, 0.000003, 0.000465, 0.000041, 0.000000, 0.000000, 0.000006, 0.000000, 0.000000, 0.000000, 0.000270, 
33.591787, 2976.528415, 11.351234, 16.346903, 1262.529909, 0.121891, 4028.344074, 0.100000, 263.384850, 0.100000, 877.961317, 1413.059434, 1346.903014, 0.100000, 2483.343612, 1212.245470, 221.033046, 213.512853, 4263.004825, 2664.933269, 219.285952, 2056.632100, 3628.313717, 4653.347116, 0.804643, 1693.039575, 0.995178, 0.988878, 0.996030, 0.993146, 0.966104, 0.996073, 0.000027, 0.982762, 0.000074, 0.898667, 0.000006, 0.000001, 0.000001, 0.307222, 0.000000, 0.000000, 0.000011, 0.000003, 0.000000, 0.000000, 0.000000, 0.000000, 0.000000, 0.000000, 0.000003, 
0.100000, 5000.000000, 5000.000000, 0.100000, 5000.000000, 0.230787, 26.301036, 23.103386, 0.100000, 0.175203, 972.937763, 1425.761052, 1320.187011, 0.100000, 2477.627571, 1209.375243, 219.808828, 213.170488, 4263.090321, 2665.194573, 219.587205, 2056.901428, 3628.518476, 4653.468763, 0.828352, 4734.252600, 0.892461, 0.106990, 0.843901, 0.645602, 0.001911, 0.997223, 0.822255, 0.946906, 0.968306, 0.943819, 0.000000, 0.000000, 0.000000, 0.129398, 0.000000, 0.000000, 0.000000, 0.000000, 0.000000, 0.000000, 0.000000, 0.000000, 0.000000, 0.000000, 0.000000, 
30.128264, 5000.000000, 5000.000000, 4.554339, 5000.000000, 5000.000000, 4.846807, 0.100000, 5000.000000, 5000.000000, 0.100000, 437.156578, 855.458489, 5000.000000, 2324.031141, 1083.005635, 121.019815, 134.554109, 4200.943098, 2619.115820, 187.547814, 2036.024353, 3616.918629, 4648.897988, 0.294994, 1231.302079, 0.996497, 0.034621, 0.012053, 0.997502, 0.001322, 0.907527, 0.990136, 0.992261, 0.718377, 0.207107, 0.353756, 0.000008, 0.000003, 0.430087, 0.000000, 0.000001, 0.000017, 0.000010, 0.000000, 0.000000, 0.000001, 0.000000, 0.000000, 0.000000, 0.000008, 
3533.547962, 0.758394, 1.024946, 2847.681808, 74.025748, 0.100000, 22.882584, 0.100000, 2408.700918, 3515.802978, 60.909195, 40.538281, 538.214230, 4701.961490, 2040.864296, 824.485990, 64.386949, 17.120682, 4079.141190, 2528.949791, 124.856800, 1997.046336, 3597.084909, 4642.794135, 0.138982, 2475.335145, 0.954825, 0.998090, 0.583261, 0.979703, 0.979996, 0.062298, 0.981172, 0.995389, 0.000004, 0.000002, 0.847420, 0.878474, 0.000096, 0.000001, 0.000002, 0.000005, 0.122483, 0.002511, 0.000000, 0.000000, 0.000009, 0.000000, 0.000000, 0.000000, 0.000026, 
5000.000000, 659.417872, 7.312647, 5000.000000, 112.705811, 438.158543, 4.741590, 0.100000, 1795.375874, 2956.066475, 5000.000000, 5000.000000, 250.109938, 4401.467352, 1795.839744, 630.752611, 3.095755, 218.585897, 3986.219507, 2462.299367, 82.214122, 1970.462078, 3584.437328, 4639.507484, 0.100000, 1128.329785, 0.085960, 0.992073, 0.997533, 0.006521, 0.967715, 0.984380, 0.990724, 0.993117, 0.000002, 0.000001, 0.000424, 0.000563, 0.000013, 0.000000, 0.000000, 0.000002, 0.000256, 0.000154, 0.000000, 0.000000, 0.000004, 0.000000, 0.000000, 0.000000, 0.000004, 
1251.154253, 793.445343, 471.414376, 5000.000000, 5000.000000, 5000.000000, 21.263378, 0.125362, 0.100000, 979.115893, 3505.821081, 4064.740903, 0.100000, 4009.517087, 1549.613561, 497.591335, 0.720794, 170.905282, 3947.356567, 2435.969301, 67.504400, 1961.157219, 3580.411524, 4638.703564, 0.103330, 909.641156, 0.750761, 0.909942, 0.974154, 0.033711, 0.086898, 0.006523, 0.981464, 0.995042, 0.934373, 0.000003, 0.000000, 0.000000, 0.755403, 0.000000, 0.000001, 0.000002, 0.052995, 0.000006, 0.000000, 0.000000, 0.000005, 0.000000, 0.000000, 0.000000, 0.000003, 
600.376225, 4.832250, 2.019627, 2.182984, 5000.000000, 5000.000000, 0.100000, 83.228238, 3.571549, 5000.000000, 5000.000000, 5000.000000, 5000.000000, 4805.634094, 2245.505368, 1238.258651, 5000.000000, 674.033178, 4091.162901, 2528.665942, 171.113018, 1988.798702, 3590.242968, 4639.366860, 0.100000, 1954.291296, 0.945601, 0.996388, 0.996472, 0.994348, 0.169814, 0.036039, 0.993988, 0.965322, 0.981301, 0.000007, 0.000001, 0.000000, 0.168317, 0.000000, 0.000001, 0.000003, 0.065881, 0.000005, 0.000000, 0.000000, 0.000005, 0.000000, 0.000000, 0.000000, 0.000004, 
5000.000000, 781.900341, 531.995039, 10.547273, 5000.000000, 5000.000000, 1.674334, 0.183456, 0.100000, 3341.438939, 3655.357446, 3932.115260, 4168.506418, 4184.647367, 1801.848033, 924.496441, 4748.891593, 516.666032, 3976.077741, 2455.409682, 131.214296, 1966.625046, 3581.924591, 4638.473222, 0.192058, 1011.349783, 0.205649, 0.964942, 0.980082, 0.996529, 0.003217, 0.000447, 0.993548, 0.987232, 0.954818, 0.000001, 0.000000, 0.000000, 0.000000, 0.000000, 0.000000, 0.000001, 0.000000, 0.000001, 0.000000, 0.000000, 0.000002, 0.000000, 0.000000, 0.000000, 0.000004, 
2196.719636, 0.112439, 0.100000, 2.035273, 5000.000000, 0.100000, 5000.000000, 0.158366, 933.626327, 140.744482, 764.498729, 1458.506518, 2105.828361, 2498.847816, 514.228055, 31.890230, 3924.703139, 15.416317, 3538.149807, 2161.113874, 0.200085, 1858.105790, 3531.919969, 4626.566702, 0.119219, 3307.503725, 0.745470, 0.997560, 0.723903, 0.979644, 0.964789, 0.004609, 0.939278, 0.995831, 0.955000, 0.000075, 0.000009, 0.000003, 0.000001, 0.000001, 0.000005, 0.000119, 0.000000, 0.000135, 0.000000, 0.000000, 0.001370, 0.000000, 0.000000, 0.000000, 0.000021, 
5000.000000, 817.698020, 7.920028, 3.933595, 5000.000000, 2650.283843, 5000.000000, 0.100000, 3945.537779, 5000.000000, 1754.292457, 1454.826957, 1972.861760, 2349.009284, 471.890131, 5000.000000, 3834.548883, 1140.901806, 3504.676982, 2149.260239, 0.100000, 1858.024009, 3531.903409, 4626.572361, 0.119975, 1382.967323, 0.067052, 0.991260, 0.996837, 0.997061, 0.001155, 0.951318, 0.000036, 0.994367, 0.000008, 0.000128, 0.000006, 0.000002, 0.000001, 0.000000, 0.000004, 0.000071, 0.000000, 0.000048, 0.000000, 0.000000, 0.000325, 0.000000, 0.000000, 0.000000, 0.000000, 
5000.000000, 1.335106, 1081.355951, 1249.153041, 11.842108, 0.124092, 1.795498, 0.149007, 3799.897526, 4747.344940, 1752.844388, 1441.761381, 1883.517574, 2254.638412, 568.709114, 4911.441877, 3779.710211, 1104.768414, 3483.409038, 2141.434282, 0.228653, 1858.341451, 3532.041687, 4626.602894, 0.119596, 2230.513414, 0.722221, 0.998311, 0.954823, 0.965265, 0.920644, 0.992674, 0.059920, 0.994467, 0.000001, 0.000001, 0.000006, 0.000006, 0.000002, 0.000001, 0.000028, 0.000000, 0.000000, 0.000000, 0.000000, 0.000000, 0.000380, 0.000000, 0.000000, 0.000000, 0.000000, 
5000.000000, 5000.000000, 5000.000000, 5000.000000, 11.602175, 2.201155, 0.100000, 60.796409, 44.423352, 1438.388599, 0.100000, 102.028316, 412.950440, 1055.278467, 0.100000, 4214.998214, 3308.358615, 824.638888, 3337.407174, 2094.670114, 0.935819, 1854.543398, 3530.236719, 4626.151929, 0.120578, 1293.668848, 0.149187, 0.994706, 0.241389, 0.015245, 0.992149, 0.994031, 0.995902, 0.958811, 0.000091, 0.000003, 0.718627, 0.022539, 0.000009, 0.000002, 0.121127, 0.000000, 0.000000, 0.000000, 0.000000, 0.000000, 0.004382, 0.000000, 0.000000, 0.000000, 0.000001, 
5000.000000, 5000.000000, 5000.000000, 5000.000000, 5000.000000, 1810.081601, 1.528667, 0.472892, 0.100000, 821.960624, 42.061517, 133.476278, 408.496598, 1038.073944, 5000.000000, 4195.570175, 3292.233648, 812.141659, 3328.704400, 2090.031796, 0.110895, 1854.756356, 3530.390442, 4626.218442, 0.122745, 942.241721, 0.444341, 0.101682, 0.061760, 0.029931, 0.882179, 0.873723, 0.994373, 0.987987, 0.974422, 0.000003, 0.910635, 0.000115, 0.000004, 0.000000, 0.017192, 0.000000, 0.000000, 0.000000, 0.000000, 0.000000, 0.000242, 0.000000, 0.000000, 0.000000, 0.000000, 
3178.351397, 0.471160, 1.157882, 0.100000, 5000.000000, 0.100000, 3025.565575, 0.309108, 574.179820, 5000.000000, 0.261385, 590.628126, 873.411062, 1161.976897, 4935.863886, 4226.690317, 3308.507668, 819.441593, 3328.753473, 2088.081591, 0.266477, 1854.860361, 3530.441813, 4626.233042, 0.122866, 2879.907976, 0.950800, 0.998286, 0.992728, 0.994598, 0.897067, 0.944961, 0.962600, 0.992292, 0.970802, 0.338015, 0.966673, 0.004167, 0.000061, 0.000004, 0.000000, 0.000000, 0.000000, 0.000000, 0.000000, 0.000000, 0.000418, 0.000000, 0.000000, 0.000000, 0.000000, 
5000.000000, 2213.489584, 17.563125, 4922.312985, 5000.000000, 0.269279, 0.100000, 5000.000000, 0.100000, 2090.623493, 224.018151, 5000.000000, 52.126756, 229.608300, 3790.487189, 3381.400618, 2726.761086, 502.499204, 3144.248276, 2034.566732, 1.353328, 1855.251539, 3530.713689, 4626.349594, 0.126933, 1442.128245, 0.128527, 0.990481, 0.995802, 0.991566, 0.000388, 0.997046, 0.988133, 0.944513, 0.973479, 0.000005, 0.860104, 0.033720, 0.000140, 0.000022, 0.000000, 0.000000, 0.000000, 0.000001, 0.000000, 0.000000, 0.002917, 0.000000, 0.000000, 0.000000, 0.000000, 
1299.028268, 5000.000000, 4924.240786, 5000.000000, 5000.000000, 73.462515, 0.101959, 270.248381, 5000.000000, 643.443780, 0.100000, 4754.253403, 0.100000, 168.693141, 3706.462360, 3315.987451, 2677.671741, 468.783866, 3121.547600, 2022.173394, 0.100000, 1852.654844, 3529.585847, 4626.120123, 0.133143, 1235.333791, 0.558464, 0.099133, 0.965612, 0.016140, 0.003665, 0.971628, 0.996586, 0.000050, 0.916364, 0.000005, 0.915873, 0.000000, 0.766556, 0.000060, 0.000000, 0.000000, 0.000000, 0.000001, 0.000000, 0.000000, 0.002735, 0.000000, 0.000000, 0.000000, 0.000001, 
5000.000000, 5000.000000, 5000.000000, 5000.000000, 5000.000000, 5000.000000, 7.209965, 3002.318782, 5000.000000, 0.134245, 5000.000000, 424.043767, 5000.000000, 0.100000, 825.708260, 940.259306, 907.268127, 9.421595, 2401.968103, 1846.071778, 5000.000000, 1852.483686, 3529.565359, 4626.152025, 0.136876, 628.579451, 0.302161, 0.118930, 0.074656, 0.042125, 0.020618, 0.135193, 0.994986, 0.983676, 0.000111, 0.989105, 0.769206, 0.000055, 0.147094, 0.812710, 0.000024, 0.000017, 0.000013, 0.000181, 0.000001, 0.000000, 0.014907, 0.000000, 0.000000, 0.000000, 0.000000, 
0.505226, 5.840177, 0.100000, 0.100000, 5000.000000, 5000.000000, 1244.988516, 0.100000, 60.805054, 0.248100, 4761.766986, 431.082567, 4995.386031, 5000.000000, 860.203921, 971.049047, 933.594165, 2.103451, 2418.223087, 1857.521059, 5000.000000, 1856.862826, 3531.587855, 4626.651891, 0.141538, 3367.796372, 0.998543, 0.914791, 0.997492, 0.613247, 0.075288, 0.019083, 0.977363, 0.957143, 0.000090, 0.986455, 0.000000, 0.000059, 0.000000, 0.622063, 0.000001, 0.000000, 0.000000, 0.000333, 0.000000, 0.000000, 0.000000, 0.000000, 0.000000, 0.000000, 0.000001, 
5000.000000, 19.555031, 4.903973, 0.128349, 0.100000, 2.608722, 0.100000, 0.130165, 5000.000000, 5000.000000, 4818.806967, 450.088321, 4988.531463, 4979.255052, 832.820295, 944.479585, 912.616318, 1.144977, 2412.016406, 1853.793317, 4997.925075, 1855.858332, 3531.235344, 4626.623265, 0.147269, 2211.565444, 0.992117, 0.994542, 0.994744, 0.997830, 0.983465, 0.000342, 0.958851, 0.980669, 0.000477, 0.580722, 0.000000, 0.000002, 0.000000, 0.000000, 0.000000, 0.000000, 0.000000, 0.003247, 0.000000, 0.000000, 0.000000, 0.000000, 0.000000, 0.000000, 0.000000, 
5.974342, 3419.590696, 19.238217, 184.486900, 0.100000, 320.697224, 5000.000000, 43.279211, 1981.904574, 2789.136252, 3354.460556, 0.100000, 4185.405033, 4337.203139, 383.965314, 570.274772, 613.370304, 5000.000000, 2225.727401, 1720.269798, 4902.746271, 1802.092023, 3505.714563, 4620.101883, 0.100000, 2013.489079, 0.997797, 0.990176, 0.993225, 0.993266, 0.997415, 0.949814, 0.959264, 0.928004, 0.000003, 0.000002, 0.000001, 0.775402, 0.000001, 0.000000, 0.000018, 0.000006, 0.000004, 0.001108, 0.000000, 0.000000, 0.000000, 0.000000, 0.000000, 0.000000, 0.000013, 
3265.026378, 5000.000000, 2981.970153, 20.918298, 0.309749, 0.100000, 1395.840774, 0.100000, 1368.717010, 2511.018763, 3364.890428, 5000.000000, 4273.088988, 4395.310055, 429.837638, 595.488317, 627.396865, 5000.000000, 2228.678374, 1720.987016, 4902.308499, 1801.200244, 3504.829904, 4619.596152, 0.100000, 1628.161497, 0.989834, 0.033291, 0.992015, 0.989124, 0.996717, 0.991344, 0.000002, 0.980486, 0.000004, 0.000001, 0.000000, 0.777289, 0.000000, 0.000000, 0.000001, 0.000000, 0.000000, 0.000000, 0.000000, 0.000000, 0.000000, 0.000000, 0.000000, 0.000000, 0.000000, 
5000.000000, 5000.000000, 5000.000000, 5000.000000, 4445.328258, 0.292604, 0.100000, 4553.040332, 0.100000, 71.162497, 551.558134, 2031.834475, 1816.379130, 2290.201069, 0.100000, 6.372014, 37.896567, 4142.380739, 1631.143163, 1301.876102, 4611.739139, 1637.749503, 3431.737202, 4604.637671, 0.200829, 1297.599221, 0.612468, 0.061473, 0.022589, 0.762862, 0.974040, 0.996442, 0.989602, 0.942777, 0.951444, 0.000022, 0.000003, 0.000001, 0.000001, 0.000000, 0.045093, 0.000033, 0.000011, 0.000000, 0.000000, 0.000000, 0.000000, 0.000000, 0.000000, 0.000000, 0.000009, 
9.677114, 49.712530, 1.801198, 5000.000000, 0.968970, 4296.125010, 0.100000, 1694.017698, 1638.016063, 0.719623, 5000.000000, 2770.127501, 2150.151395, 2394.847276, 11.536904, 96.460308, 116.529473, 4175.346330, 1656.648438, 1320.629154, 4624.581331, 1645.720540, 3435.786436, 4605.883805, 0.227479, 1810.620438, 0.997379, 0.996787, 0.997149, 0.929910, 0.019806, 0.969703, 0.995567, 0.000013, 0.909801, 0.960202, 0.000097, 0.000002, 0.000001, 0.000000, 0.358385, 0.054427, 0.000082, 0.000000, 0.000000, 0.000000, 0.000000, 0.000000, 0.000000, 0.000000, 0.000001, 
787.177224, 918.583327, 255.248812, 5000.000000, 1.289737, 5.547822, 10.916110, 0.100000, 0.100000, 5000.000000, 132.990117, 15.894302, 46.661118, 850.709148, 0.262452, 5000.000000, 5000.000000, 4603.056346, 2012.839063, 1581.105889, 4787.274207, 1743.144522, 3479.276699, 4615.425519, 0.175544, 1181.033463, 0.922777, 0.083040, 0.971810, 0.002400, 0.997324, 0.988606, 0.984629, 0.987338, 0.071209, 0.911239, 0.000033, 0.000282, 0.000036, 0.000003, 0.803114, 0.000461, 0.000187, 0.000000, 0.000000, 0.000000, 0.000000, 0.000000, 0.000000, 0.000000, 0.000046, 
5000.000000, 108.786846, 4.790015, 5000.000000, 852.503924, 612.889746, 2.853154, 0.100000, 5000.000000, 4630.993562, 4.745877, 0.100000, 23.958898, 796.370303, 0.100000, 4941.319030, 4955.786897, 4573.571177, 1991.378678, 1566.084820, 4777.382712, 1737.326116, 3476.518726, 4614.694285, 0.169551, 1138.009764, 0.936652, 0.995712, 0.997743, 0.003065, 0.989677, 0.982178, 0.989012, 0.990417, 0.791326, 0.000000, 0.000467, 0.010379, 0.000344, 0.000001, 0.201261, 0.000000, 0.000000, 0.000000, 0.000000, 0.000000, 0.000000, 0.000000, 0.000000, 0.000000, 0.000001, 
5000.000000, 809.537017, 277.419189, 5000.000000, 5000.000000, 5000.000000, 103.955666, 2.233087, 5000.000000, 5000.000000, 0.100000, 5000.000000, 3463.901795, 819.587217, 5000.000000, 4962.504551, 4969.889335, 4582.567154, 1996.836134, 1569.053118, 4778.650317, 1737.560859, 3476.197392, 4614.302287, 0.129457, 564.413097, 0.717536, 0.934782, 0.991091, 0.078346, 0.021102, 0.010532, 0.976714, 0.994706, 0.000070, 0.000007, 0.978372, 0.694698, 0.005950, 0.000003, 0.021690, 0.000000, 0.000000, 0.000000, 0.000000, 0.000000, 0.000000, 0.000000, 0.000000, 0.000000, 0.000003, 
2704.498332, 3258.403566, 0.632934, 1733.663118, 0.112465, 0.100000, 0.497539, 3929.467292, 244.761602, 1892.013041, 0.102855, 5000.000000, 3637.996714, 963.106628, 5000.000000, 5000.000000, 4994.310639, 4592.218307, 1997.575502, 1565.071231, 4773.014774, 1732.464791, 3472.771830, 4612.966732, 0.114923, 2181.711492, 0.882082, 0.913129, 0.998043, 0.990426, 0.993750, 0.931576, 0.988898, 0.983762, 0.000118, 0.000013, 0.980934, 0.000001, 0.000002, 0.000021, 0.000000, 0.000000, 0.000000, 0.000000, 0.000000, 0.000000, 0.000000, 0.000000, 0.000000, 0.000000, 0.000029, 
5000.000000, 5000.000000, 5000.000000, 5000.000000, 5.639433, 571.226750, 0.125155, 1373.936097, 0.100000, 388.036448, 5000.000000, 3519.895468, 2470.257079, 181.007848, 4168.691435, 4334.558723, 4477.313332, 4199.927134, 1708.569338, 1359.256435, 4634.770444, 1651.442417, 3435.259035, 4604.005550, 0.102659, 1230.825833, 0.962427, 0.098522, 0.991103, 0.010709, 0.995305, 0.971133, 0.996391, 0.000005, 0.945084, 0.000060, 0.575644, 0.000001, 0.000001, 0.000046, 0.000000, 0.000000, 0.000000, 0.000000, 0.000000, 0.000000, 0.000000, 0.000000, 0.000000, 0.000000, 0.000008, 
1.080810, 1.318063, 0.155309, 0.100000, 1014.829018, 1.131139, 0.102254, 5000.000000, 4648.198933, 4734.213506, 4390.339387, 3005.138518, 2033.123830, 108.690060, 3858.493500, 4083.514223, 4278.139591, 4045.662147, 1592.683392, 1276.212205, 4579.251339, 1618.394915, 3419.661461, 4600.082553, 0.110285, 3140.814830, 0.998504, 0.996140, 0.996877, 0.988799, 0.974137, 0.966791, 0.995498, 0.003313, 0.949210, 0.887449, 0.000001, 0.000001, 0.000002, 0.484566, 0.000000, 0.000000, 0.000000, 0.000000, 0.000000, 0.000000, 0.000000, 0.000000, 0.000000, 0.000000, 0.000005, 
318.564784, 4672.092951, 3.930692, 42.968112, 1.851432, 4882.908233, 0.100000, 1606.450452, 2590.858879, 3540.276462, 3845.042508, 2901.486542, 2254.797051, 0.100000, 4129.171893, 4282.722420, 4421.307071, 4145.667532, 1658.769967, 1318.689000, 4605.186639, 1631.602256, 3424.513441, 4600.472849, 0.100000, 1633.870438, 0.988642, 0.996088, 0.997634, 0.989414, 0.995595, 0.962681, 0.995714, 0.000004, 0.000002, 0.000001, 0.000001, 0.000001, 0.000003, 0.636801, 0.000000, 0.000000, 0.000000, 0.000000, 0.000000, 0.000000, 0.000000, 0.000000, 0.000000, 0.000000, 0.000007, 
2809.011156, 8.039414, 367.299851, 3260.648121, 0.304404, 2.454053, 0.100000, 5000.000000, 4128.065156, 4395.356796, 4316.655224, 3110.235991, 2292.028758, 0.100000, 4121.488289, 4276.546390, 4416.294014, 4141.630354, 1655.604208, 1316.288109, 4603.459725, 1630.478540, 3423.898464, 4600.260526, 0.100000, 1852.058894, 0.996921, 0.997426, 0.988106, 0.975851, 0.996576, 0.002436, 0.992383, 0.000004, 0.000001, 0.000000, 0.000000, 0.000000, 0.000000, 0.446357, 0.000000, 0.000000, 0.000000, 0.000000, 0.000000, 0.000000, 0.000000, 0.000000, 0.000000, 0.000000, 0.000000, 
3117.824755, 112.344948, 393.545191, 5000.000000, 3.901640, 0.104893, 0.714077, 0.100000, 0.100000, 85.514901, 478.917349, 157.064847, 46.856565, 2359.406223, 2358.505454, 2866.282287, 3311.252366, 3297.907501, 1043.258290, 882.392513, 4311.449183, 1460.761027, 3346.052604, 4582.187406, 0.100000, 1568.218068, 0.978487, 0.985732, 0.972851, 0.145766, 0.994402, 0.997299, 0.986235, 0.042683, 0.086871, 0.000070, 0.000011, 0.000027, 0.000062, 0.308730, 0.000000, 0.000000, 0.000000, 0.000000, 0.000000, 0.000000, 0.000000, 0.000000, 0.000000, 0.000000, 0.000011, 
5000.000000, 16.302474, 2.246940, 0.111138, 264.944800, 0.732051, 17.016017, 1801.462709, 0.100000, 5000.000000, 1774.047953, 3575.570322, 5000.000000, 2731.338687, 2651.112506, 3090.756587, 3481.676481, 3425.193328, 1138.759420, 948.343482, 4352.768553, 1484.622698, 3356.679325, 4584.547797, 0.100000, 2559.277587, 0.147737, 0.997519, 0.996916, 0.997905, 0.930323, 0.993189, 0.986183, 0.939937, 0.981989, 0.000271, 0.000008, 0.000039, 0.000182, 0.000000, 0.000000, 0.000000, 0.000000, 0.000000, 0.000000, 0.000000, 0.000000, 0.000000, 0.000000, 0.000000, 0.000001, 
3.792930, 5000.000000, 9.294505, 3.330907, 2.112122, 0.100000, 0.100000, 2327.183677, 34.674615, 4052.574897, 1550.855951, 3196.262366, 4385.945360, 2433.611487, 2391.290482, 2868.035589, 3297.241478, 3277.604914, 1027.039408, 865.993359, 4295.667194, 1450.151988, 3340.122610, 4580.203110, 0.100000, 1967.389475, 0.998198, 0.975543, 0.994904, 0.996646, 0.992245, 0.995848, 0.051166, 0.000008, 0.959213, 0.000001, 0.000003, 0.000001, 0.000000, 0.000000, 0.000000, 0.000000, 0.000000, 0.000000, 0.000000, 0.000000, 0.000000, 0.000000, 0.000000, 0.000000, 0.000005, 
1017.175915, 5000.000000, 4548.833216, 6.352720, 3855.788610, 0.110840, 3705.015180, 0.100000, 4162.408145, 1010.451953, 0.100000, 962.082680, 2399.333234, 923.723577, 1150.747933, 1852.897720, 2497.044340, 2668.967672, 604.429063, 566.132384, 4088.966796, 1331.929712, 3286.785505, 4568.497823, 0.114786, 1444.596731, 0.992565, 0.044739, 0.992113, 0.995487, 0.988002, 0.996851, 0.896913, 0.966006, 0.896156, 0.000008, 0.761438, 0.000005, 0.000001, 0.000003, 0.000002, 0.000001, 0.000000, 0.000000, 0.000001, 0.000001, 0.000000, 0.000000, 0.000000, 0.000000, 0.000015, 
592.569782, 422.219885, 4991.763364, 11.115451, 5000.000000, 0.115694, 0.100000, 1344.989508, 1961.398121, 211.464873, 0.100000, 997.928504, 2417.745709, 932.229726, 1153.168895, 1852.098374, 2494.766000, 2666.245422, 601.820041, 563.968779, 4087.363565, 1330.875532, 3286.221491, 4568.319442, 0.115530, 1397.053420, 0.978987, 0.951254, 0.988535, 0.990157, 0.000959, 0.997162, 0.061033, 0.946926, 0.000001, 0.000008, 0.943639, 0.000000, 0.000000, 0.000000, 0.000000, 0.000000, 0.000000, 0.000000, 0.000000, 0.000000, 0.000000, 0.000000, 0.000000, 0.000000, 0.000000, 
2882.419746, 26.894981, 1073.034437, 4.328328, 5000.000000, 6.564231, 0.119284, 2.181342, 1143.712215, 0.100000, 5000.000000, 778.846246, 2218.620575, 739.654367, 984.401345, 1708.717064, 2375.136578, 2569.162850, 525.118440, 507.302557, 4048.672956, 1307.219966, 3274.715591, 4565.236306, 0.103909, 1305.694277, 0.970816, 0.994314, 0.904129, 0.995962, 0.001111, 0.987919, 0.995447, 0.000665, 0.000005, 0.945864, 0.715437, 0.000015, 0.000001, 0.000007, 0.000002, 0.000001, 0.000000, 0.000000, 0.000001, 0.000000, 0.000000, 0.000000, 0.000000, 0.000000, 0.000004, 
5000.000000, 1579.333587, 5000.000000, 5000.000000, 5000.000000, 19.809308, 2.699010, 0.165022, 0.100000, 0.357563, 3195.964596, 0.100000, 1105.506277, 63.946854, 341.086265, 1146.449770, 1932.299851, 2237.036454, 305.354323, 351.179460, 3941.654660, 1247.056859, 3248.393447, 4559.897976, 0.124835, 901.566547, 0.909952, 0.925988, 0.238033, 0.966679, 0.012442, 0.987309, 0.992900, 0.993196, 0.947990, 0.924469, 0.000001, 0.459814, 0.000002, 0.000034, 0.000005, 0.000001, 0.000000, 0.000000, 0.000002, 0.000001, 0.000000, 0.000000, 0.000000, 0.000000, 0.000006, 
22.774456, 2419.859501, 7.144401, 175.148621, 0.100000, 1941.167568, 3.979858, 0.771047, 13.689153, 0.100000, 3515.793433, 0.100000, 1365.058084, 1310.765818, 519.899424, 1261.912973, 2017.128581, 2299.097681, 352.225079, 382.326644, 3960.791866, 1257.846346, 3253.045202, 4560.826372, 0.116735, 1945.216130, 0.995002, 0.953395, 0.994360, 0.976399, 0.997085, 0.982476, 0.953666, 0.984310, 0.936271, 0.970662, 0.000000, 0.688943, 0.000000, 0.000087, 0.000002, 0.000000, 0.000000, 0.000000, 0.000000, 0.000000, 0.000000, 0.000000, 0.000000, 0.000000, 0.000000, 
4401.553928, 5000.000000, 4731.213628, 5000.000000, 5.606894, 5000.000000, 6.125387, 0.811482, 0.100000, 5000.000000, 3150.215913, 5000.000000, 1132.371307, 1124.734148, 381.013945, 1147.704904, 1929.201814, 2233.585345, 306.410991, 350.234384, 3939.567463, 1245.629095, 3247.503292, 4559.542977, 0.115972, 892.477268, 0.899310, 0.103997, 0.888545, 0.052581, 0.996567, 0.000590, 0.989197, 0.988173, 0.980548, 0.885182, 0.000000, 0.490788, 0.000001, 0.000001, 0.000004, 0.000000, 0.000000, 0.000000, 0.000001, 0.000000, 0.000000, 0.000000, 0.000000, 0.000000, 0.000001, 
0.557068, 201.241842, 0.158870, 0.100000, 720.583133, 1.176388, 51.045655, 0.558362, 0.254901, 4993.031035, 4713.131188, 4998.935611, 2826.293652, 2260.793740, 5000.000000, 1678.101815, 2259.361671, 2465.196799, 574.154675, 492.976051, 4006.769307, 1283.895856, 3263.564345, 4562.746142, 0.144297, 3044.448691, 0.998664, 0.879878, 0.997109, 0.990132, 0.983949, 0.923696, 0.981482, 0.987930, 0.985175, 0.000002, 0.000005, 0.000001, 0.000020, 0.000012, 0.000132, 0.000004, 0.000001, 0.000000, 0.000013, 0.000005, 0.000000, 0.000000, 0.000000, 0.000000, 0.000017, 
2458.237843, 5000.000000, 2.492181, 475.863333, 0.556609, 0.100000, 5000.000000, 5000.000000, 0.100000, 4996.917156, 4703.230310, 4957.876181, 2789.234023, 2220.856395, 4953.455980, 1643.297934, 2229.687196, 2440.977713, 555.158799, 478.933327, 3997.113622, 1277.907645, 3260.528356, 4561.836138, 0.138049, 1789.020559, 0.992345, 0.752105, 0.997575, 0.989867, 0.995117, 0.994821, 0.015290, 0.901626, 0.975487, 0.000000, 0.000000, 0.000000, 0.000000, 0.000000, 0.000000, 0.000000, 0.000000, 0.000000, 0.000000, 0.000000, 0.000000, 0.000000, 0.000000, 0.000000, 0.000000, 
