Line  11130
 02:10:52.7  -nan 10 150.000 150.000 150.000 150.000 150.000 150.000 150.000 150.000 150.000 150.000 150.000 150.000 150.000 150.000 150.000 150.000 150.000 150.000 150.000 150.000 150.000 150.000 150.000 150.000 150.000 2.000 6.217 10.892 16.073 21.817 28.184 35.242 43.066 51.739 61.353 72.009 83.822 96.917 111.433 127.523 145.359 165.131 187.047 211.342 238.273 268.125 301.217 337.899 378.561 421.315 150.000 nan nan nan nan nan nan nan nan nan nan nan nan nan nan nan nan nan nan nan nan nan nan nan nan nan 
 02:10:53.3  -nan 10 150.000 150.000 150.000 150.000 150.000 150.000 150.000 150.000 150.000 150.000 150.000 150.000 150.000 150.000 150.000 150.000 150.000 150.000 150.000 150.000 150.000 150.000 150.000 150.000 150.000 2.000 6.217 10.892 16.073 21.817 28.184 35.242 43.066 51.739 61.353 72.009 83.822 96.917 111.433 127.523 145.359 165.131 187.047 211.342 238.273 268.125 301.217 337.899 378.561 421.315 150.000 nan nan nan nan nan nan nan nan nan nan nan nan nan nan nan nan nan nan nan nan nan nan nan nan nan 
 02:10:53.9  -nan 10 150.000 150.000 150.000 150.000 150.000 150.000 150.000 150.000 150.000 150.000 150.000 150.000 150.000 150.000 150.000 150.000 150.000 150.000 150.000 150.000 150.000 150.000 150.000 150.000 150.000 2.000 6.217 10.892 16.073 21.817 28.184 35.242 43.066 51.739 61.353 72.009 83.822 96.917 111.433 127.523 145.359 165.131 187.047 211.342 238.273 268.125 301.217 337.899 378.561 421.315 150.000 nan nan nan nan nan nan nan nan nan nan nan nan nan nan nan nan nan nan nan nan nan nan nan nan nan 
 02:10:54.5  -nan 10 150.000 150.000 150.000 150.000 150.000 150.000 150.000 150.000 150.000 150.000 150.000 150.000 150.000 150.000 150.000 150.000 150.000 150.000 150.000 150.000 150.000 150.000 150.000 150.000 150.000 2.000 6.217 10.892 16.073 21.817 28.184 35.242 43.066 51.739 61.353 72.009 83.822 96.917 111.433 127.523 145.359 165.131 187.047 211.342 238.273 268.125 301.217 337.899 378.561 421.315 150.000 nan nan nan nan nan nan nan nan nan nan nan nan nan nan nan nan nan nan nan nan nan nan nan nan nan 
 02:10:55.1  -nan 10 150.000 150.000 150.000 150.000 150.000 150.000 150.000 150.000 150.000 150.000 150.000 150.000 150.000 150.000 150.000 150.000 150.000 150.000 150.000 150.000 150.000 150.000 150.000 150.000 150.000 2.000 6.217 10.892 16.073 21.817 28.184 35.242 43.066 51.739 61.353 72.009 83.822 96.917 111.433 127.523 145.359 165.131 187.047 211.342 238.273 268.125 301.217 337.899 378.561 421.315 150.000 nan nan nan nan nan nan nan nan nan nan nan nan nan nan nan nan nan nan nan nan nan nan nan nan nan 
 02:10:55.7  -nan 10 150.000 150.000 150.000 150.000 150.000 150.000 150.000 150.000 150.000 150.000 150.000 150.000 150.000 150.000 150.000 150.000 150.000 150.000 150.000 150.000 150.000 150.000 150.000 150.000 150.000 2.000 6.217 10.892 16.073 21.817 28.184 35.242 43.066 51.739 61.353 72.009 83.822 96.917 111.433 127.523 145.359 165.131 187.047 211.342 238.273 268.125 301.217 337.899 378.561 421.315 150.000 nan nan nan nan nan nan nan nan nan nan nan nan nan nan nan nan nan nan nan nan nan nan nan nan nan 
 02:10:56.3  -nan 10 150.000 150.000 150.000 150.000 150.000 150.000 150.000 150.000 150.000 150.000 150.000 150.000 150.000 150.000 150.000 150.000 150.000 150.000 150.000 150.000 150.000 150.000 150.000 150.000 150.000 2.000 6.217 10.892 16.073 21.817 28.184 35.242 43.066 51.739 61.353 72.009 83.822 96.917 111.433 127.523 145.359 165.131 187.047 211.342 238.273 268.125 301.217 337.899 378.561 421.315 150.000 nan nan nan nan nan nan nan nan nan nan nan nan nan nan nan nan nan nan nan nan nan nan nan nan nan 
 02:10:56.9  -nan 10 150.000 150.000 150.000 150.000 150.000 150.000 150.000 150.000 150.000 150.000 150.000 150.000 150.000 150.000 150.000 150.000 150.000 150.000 150.000 150.000 150.000 150.000 150.000 150.000 150.000 2.000 6.217 10.892 16.073 21.817 28.184 35.242 43.066 51.739 61.353 72.009 83.822 96.917 111.433 127.523 145.359 165.131 187.047 211.342 238.273 268.125 301.217 337.899 378.561 421.315 150.000 nan nan nan nan nan nan nan nan nan nan nan nan nan nan nan nan nan nan nan nan nan nan nan nan nan 
 02:10:57.5  -nan 10 150.000 150.000 150.000 150.000 150.000 150.000 150.000 150.000 150.000 150.000 150.000 150.000 150.000 150.000 150.000 150.000 150.000 150.000 150.000 150.000 150.000 150.000 150.000 150.000 150.000 2.000 6.217 10.892 16.073 21.817 28.184 35.242 43.066 51.739 61.353 72.009 83.822 96.917 111.433 127.523 145.359 165.131 187.047 211.342 238.273 268.125 301.217 337.899 378.561 421.315 150.000 nan nan nan nan nan nan nan nan nan nan nan nan nan nan nan nan nan nan nan nan nan nan nan nan nan 
 02:10:58.1  -nan 10 150.000 150.000 150.000 150.000 150.000 150.000 150.000 150.000 150.000 150.000 150.000 150.000 150.000 150.000 150.000 150.000 150.000 150.000 150.000 150.000 150.000 150.000 150.000 150.000 150.000 2.000 6.217 10.892 16.073 21.817 28.184 35.242 43.066 51.739 61.353 72.009 83.822 96.917 111.433 127.523 145.359 165.131 187.047 211.342 238.273 268.125 301.217 337.899 378.561 421.315 150.000 nan nan nan nan nan nan nan nan nan nan nan nan nan nan nan nan nan nan nan nan nan nan nan nan nan 
 02:10:58.7  -nan 10 150.000 150.000 150.000 150.000 150.000 150.000 150.000 150.000 150.000 150.000 150.000 150.000 150.000 150.000 150.000 150.000 150.000 150.000 150.000 150.000 150.000 150.000 150.000 150.000 150.000 2.000 6.217 10.892 16.073 21.817 28.184 35.242 43.066 51.739 61.353 72.009 83.822 96.917 111.433 127.523 145.359 165.131 187.047 211.342 238.273 268.125 301.217 337.899 378.561 421.315 150.000 nan nan nan nan nan nan nan nan nan nan nan nan nan nan nan nan nan nan nan nan nan nan nan nan nan 
 02:10:59.4  -nan 10 150.000 150.000 150.000 150.000 150.000 150.000 150.000 150.000 150.000 150.000 150.000 150.000 150.000 150.000 150.000 150.000 150.000 150.000 150.000 150.000 150.000 150.000 150.000 150.000 150.000 2.000 6.217 10.892 16.073 21.817 28.184 35.242 43.066 51.739 61.353 72.009 83.822 96.917 111.433 127.523 145.359 165.131 187.047 211.342 238.273 268.125 301.217 337.899 378.561 421.315 150.000 nan nan nan nan nan nan nan nan nan nan nan nan nan nan nan nan nan nan nan nan nan nan nan nan nan 
 02:10:59.9  -nan 10 150.000 150.000 150.000 150.000 150.000 150.000 150.000 150.000 150.000 150.000 150.000 150.000 150.000 150.000 150.000 150.000 150.000 150.000 150.000 150.000 150.000 150.000 150.000 150.000 150.000 2.000 6.217 10.892 16.073 21.817 28.184 35.242 43.066 51.739 61.353 72.009 83.822 96.917 111.433 127.523 145.359 165.131 187.047 211.342 238.273 268.125 301.217 337.899 378.561 421.315 150.000 nan nan nan nan nan nan nan nan nan nan nan nan nan nan nan nan nan nan nan nan nan nan nan nan nan 
 02:11:00.5  -nan 10 150.000 150.000 150.000 150.000 150.000 150.000 150.000 150.000 150.000 150.000 150.000 150.000 150.000 150.000 150.000 150.000 150.000 150.000 150.000 150.000 150.000 150.000 150.000 150.000 150.000 2.000 6.217 10.892 16.073 21.817 28.184 35.242 43.066 51.739 61.353 72.009 83.822 96.917 111.433 127.523 145.359 165.131 187.047 211.342 238.273 268.125 301.217 337.899 378.561 421.315 150.000 nan nan nan nan nan nan nan nan nan nan nan nan nan nan nan nan nan nan nan nan nan nan nan nan nan 
 02:11:01.1  -nan 10 150.000 150.000 150.000 150.000 150.000 150.000 150.000 150.000 150.000 150.000 150.000 150.000 150.000 150.000 150.000 150.000 150.000 150.000 150.000 150.000 150.000 150.000 150.000 150.000 150.000 2.000 6.217 10.892 16.073 21.817 28.184 35.242 43.066 51.739 61.353 72.009 83.822 96.917 111.433 127.523 145.359 165.131 187.047 211.342 238.273 268.125 301.217 337.899 378.561 421.315 150.000 nan nan nan nan nan nan nan nan nan nan nan nan nan nan nan nan nan nan nan nan nan nan nan nan nan 
 02:11:01.7  -nan 10 150.000 150.000 150.000 150.000 150.000 150.000 150.000 150.000 150.000 150.000 150.000 150.000 150.000 150.000 150.000 150.000 150.000 150.000 150.000 150.000 150.000 150.000 150.000 150.000 150.000 2.000 6.217 10.892 16.073 21.817 28.184 35.242 43.066 51.739 61.353 72.009 83.822 96.917 111.433 127.523 145.359 165.131 187.047 211.342 238.273 268.125 301.217 337.899 378.561 421.315 150.000 nan nan nan nan nan nan nan nan nan nan nan nan nan nan nan nan nan nan nan nan nan nan nan nan nan 
 02:11:02.4  -nan 10 150.000 150.000 150.000 150.000 150.000 150.000 150.000 150.000 150.000 150.000 150.000 150.000 150.000 150.000 150.000 150.000 150.000 150.000 150.000 150.000 150.000 150.000 150.000 150.000 150.000 2.000 6.217 10.892 16.073 21.817 28.184 35.242 43.066 51.739 61.353 72.009 83.822 96.917 111.433 127.523 145.359 165.131 187.047 211.342 238.273 268.125 301.217 337.899 378.561 421.315 150.000 nan nan nan nan nan nan nan nan nan nan nan nan nan nan nan nan nan nan nan nan nan nan nan nan nan 
 02:11:02.9  -nan 10 150.000 150.000 150.000 150.000 150.000 150.000 150.000 150.000 150.000 150.000 150.000 150.000 150.000 150.000 150.000 150.000 150.000 150.000 150.000 150.000 150.000 150.000 150.000 150.000 150.000 2.000 6.217 10.892 16.073 21.817 28.184 35.242 43.066 51.739 61.353 72.009 83.822 96.917 111.433 127.523 145.359 165.131 187.047 211.342 238.273 268.125 301.217 337.899 378.561 421.315 150.000 nan nan nan nan nan nan nan nan nan nan nan nan nan nan nan nan nan nan nan nan nan nan nan nan nan 
 02:11:03.5  -nan 10 150.000 150.000 150.000 150.000 150.000 150.000 150.000 150.000 150.000 150.000 150.000 150.000 150.000 150.000 150.000 150.000 150.000 150.000 150.000 150.000 150.000 150.000 150.000 150.000 150.000 2.000 6.217 10.892 16.073 21.817 28.184 35.242 43.066 51.739 61.353 72.009 83.822 96.917 111.433 127.523 145.359 165.131 187.047 211.342 238.273 268.125 301.217 337.899 378.561 421.315 150.000 nan nan nan nan nan nan nan nan nan nan nan nan nan nan nan nan nan nan nan nan nan nan nan nan nan 
 02:11:04.2  -nan 10 150.000 150.000 150.000 150.000 150.000 150.000 150.000 150.000 150.000 150.000 150.000 150.000 150.000 150.000 150.000 150.000 150.000 150.000 150.000 150.000 150.000 150.000 150.000 150.000 150.000 2.000 6.217 10.892 16.073 21.817 28.184 35.242 43.066 51.739 61.353 72.009 83.822 96.917 111.433 127.523 145.359 165.131 187.047 211.342 238.273 268.125 301.217 337.899 378.561 421.315 150.000 nan nan nan nan nan nan nan nan nan nan nan nan nan nan nan nan nan nan nan nan nan nan nan nan nan 
 02:11:04.8  -nan 10 150.000 150.000 150.000 150.000 150.000 150.000 150.000 150.000 150.000 150.000 150.000 150.000 150.000 150.000 150.000 150.000 150.000 150.000 150.000 150.000 150.000 150.000 150.000 150.000 150.000 2.000 6.217 10.892 16.073 21.817 28.184 35.242 43.066 51.739 61.353 72.009 83.822 96.917 111.433 127.523 145.359 165.131 187.047 211.342 238.273 268.125 301.217 337.899 378.561 421.315 150.000 nan nan nan nan nan nan nan nan nan nan nan nan nan nan nan nan nan nan nan nan nan nan nan nan nan 
 02:11:05.4  -nan 10 150.000 150.000 150.000 150.000 150.000 150.000 150.000 150.000 150.000 150.000 150.000 150.000 150.000 150.000 150.000 150.000 150.000 150.000 150.000 150.000 150.000 150.000 150.000 150.000 150.000 2.000 6.217 10.892 16.073 21.817 28.184 35.242 43.066 51.739 61.353 72.009 83.822 96.917 111.433 127.523 145.359 165.131 187.047 211.342 238.273 268.125 301.217 337.899 378.561 421.315 150.000 nan nan nan nan nan nan nan nan nan nan nan nan nan nan nan nan nan nan nan nan nan nan nan nan nan 
 02:11:05.9  -nan 10 150.000 150.000 150.000 150.000 150.000 150.000 150.000 150.000 150.000 150.000 150.000 150.000 150.000 150.000 150.000 150.000 150.000 150.000 150.000 150.000 150.000 150.000 150.000 150.000 150.000 2.000 6.217 10.892 16.073 21.817 28.184 35.242 43.066 51.739 61.353 72.009 83.822 96.917 111.433 127.523 145.359 165.131 187.047 211.342 238.273 268.125 301.217 337.899 378.561 421.315 150.000 nan nan nan nan nan nan nan nan nan nan nan nan nan nan nan nan nan nan nan nan nan nan nan nan nan 
 02:11:06.6  -nan 10 150.000 150.000 150.000 150.000 150.000 150.000 150.000 150.000 150.000 150.000 150.000 150.000 150.000 150.000 150.000 150.000 150.000 150.000 150.000 150.000 150.000 150.000 150.000 150.000 150.000 2.000 6.217 10.892 16.073 21.817 28.184 35.242 43.066 51.739 61.353 72.009 83.822 96.917 111.433 127.523 145.359 165.131 187.047 211.342 238.273 268.125 301.217 337.899 378.561 421.315 150.000 nan nan nan nan nan nan nan nan nan nan nan nan nan nan nan nan nan nan nan nan nan nan nan nan nan 
 02:11:07.2  -nan 10 150.000 150.000 150.000 150.000 150.000 150.000 150.000 150.000 150.000 150.000 150.000 150.000 150.000 150.000 150.000 150.000 150.000 150.000 150.000 150.000 150.000 150.000 150.000 150.000 150.000 2.000 6.217 10.892 16.073 21.817 28.184 35.242 43.066 51.739 61.353 72.009 83.822 96.917 111.433 127.523 145.359 165.131 187.047 211.342 238.273 268.125 301.217 337.899 378.561 421.315 150.000 nan nan nan nan nan nan nan nan nan nan nan nan nan nan nan nan nan nan nan nan nan nan nan nan nan 
 02:11:07.9  -nan 10 150.000 150.000 150.000 150.000 150.000 150.000 150.000 150.000 150.000 150.000 150.000 150.000 150.000 150.000 150.000 150.000 150.000 150.000 150.000 150.000 150.000 150.000 150.000 150.000 150.000 2.000 6.217 10.892 16.073 21.817 28.184 35.242 43.066 51.739 61.353 72.009 83.822 96.917 111.433 127.523 145.359 165.131 187.047 211.342 238.273 268.125 301.217 337.899 378.561 421.315 150.000 nan nan nan nan nan nan nan nan nan nan nan nan nan nan nan nan nan nan nan nan nan nan nan nan nan 
 02:11:08.6  -nan 10 150.000 150.000 150.000 150.000 150.000 150.000 150.000 150.000 150.000 150.000 150.000 150.000 150.000 150.000 150.000 150.000 150.000 150.000 150.000 150.000 150.000 150.000 150.000 150.000 150.000 2.000 6.217 10.892 16.073 21.817 28.184 35.242 43.066 51.739 61.353 72.009 83.822 96.917 111.433 127.523 145.359 165.131 187.047 211.342 238.273 268.125 301.217 337.899 378.561 421.315 150.000 nan nan nan nan nan nan nan nan nan nan nan nan nan nan nan nan nan nan nan nan nan nan nan nan nan 
 02:11:09.2  -nan 10 150.000 150.000 150.000 150.000 150.000 150.000 150.000 150.000 150.000 150.000 150.000 150.000 150.000 150.000 150.000 150.000 150.000 150.000 150.000 150.000 150.000 150.000 150.000 150.000 150.000 2.000 6.217 10.892 16.073 21.817 28.184 35.242 43.066 51.739 61.353 72.009 83.822 96.917 111.433 127.523 145.359 165.131 187.047 211.342 238.273 268.125 301.217 337.899 378.561 421.315 150.000 nan nan nan nan nan nan nan nan nan nan nan nan nan nan nan nan nan nan nan nan nan nan nan nan nan 
 02:11:09.7  -nan 10 150.000 150.000 150.000 150.000 150.000 150.000 150.000 150.000 150.000 150.000 150.000 150.000 150.000 150.000 150.000 150.000 150.000 150.000 150.000 150.000 150.000 150.000 150.000 150.000 150.000 2.000 6.217 10.892 16.073 21.817 28.184 35.242 43.066 51.739 61.353 72.009 83.822 96.917 111.433 127.523 145.359 165.131 187.047 211.342 238.273 268.125 301.217 337.899 378.561 421.315 150.000 nan nan nan nan nan nan nan nan nan nan nan nan nan nan nan nan nan nan nan nan nan nan nan nan nan 
 02:11:10.4  -nan 10 150.000 150.000 150.000 150.000 150.000 150.000 150.000 150.000 150.000 150.000 150.000 150.000 150.000 150.000 150.000 150.000 150.000 150.000 150.000 150.000 150.000 150.000 150.000 150.000 150.000 2.000 6.217 10.892 16.073 21.817 28.184 35.242 43.066 51.739 61.353 72.009 83.822 96.917 111.433 127.523 145.359 165.131 187.047 211.342 238.273 268.125 301.217 337.899 378.561 421.315 150.000 nan nan nan nan nan nan nan nan nan nan nan nan nan nan nan nan nan nan nan nan nan nan nan nan nan 
 02:11:10.9  -nan 10 150.000 150.000 150.000 150.000 150.000 150.000 150.000 150.000 150.000 150.000 150.000 150.000 150.000 150.000 150.000 150.000 150.000 150.000 150.000 150.000 150.000 150.000 150.000 150.000 150.000 2.000 6.217 10.892 16.073 21.817 28.184 35.242 43.066 51.739 61.353 72.009 83.822 96.917 111.433 127.523 145.359 165.131 187.047 211.342 238.273 268.125 301.217 337.899 378.561 421.315 150.000 nan nan nan nan nan nan nan nan nan nan nan nan nan nan nan nan nan nan nan nan nan nan nan nan nan 
 02:11:11.7  -nan 10 150.000 150.000 150.000 150.000 150.000 150.000 150.000 150.000 150.000 150.000 150.000 150.000 150.000 150.000 150.000 150.000 150.000 150.000 150.000 150.000 150.000 150.000 150.000 150.000 150.000 2.000 6.217 10.892 16.073 21.817 28.184 35.242 43.066 51.739 61.353 72.009 83.822 96.917 111.433 127.523 145.359 165.131 187.047 211.342 238.273 268.125 301.217 337.899 378.561 421.315 150.000 nan nan nan nan nan nan nan nan nan nan nan nan nan nan nan nan nan nan nan nan nan nan nan nan nan 
 02:11:12.4  -nan 10 150.000 150.000 150.000 150.000 150.000 150.000 150.000 150.000 150.000 150.000 150.000 150.000 150.000 150.000 150.000 150.000 150.000 150.000 150.000 150.000 150.000 150.000 150.000 150.000 150.000 2.000 6.217 10.892 16.073 21.817 28.184 35.242 43.066 51.739 61.353 72.009 83.822 96.917 111.433 127.523 145.359 165.131 187.047 211.342 238.273 268.125 301.217 337.899 378.561 421.315 150.000 nan nan nan nan nan nan nan nan nan nan nan nan nan nan nan nan nan nan nan nan nan nan nan nan nan 
 02:11:12.9  -nan 10 150.000 150.000 150.000 150.000 150.000 150.000 150.000 150.000 150.000 150.000 150.000 150.000 150.000 150.000 150.000 150.000 150.000 150.000 150.000 150.000 150.000 150.000 150.000 150.000 150.000 2.000 6.217 10.892 16.073 21.817 28.184 35.242 43.066 51.739 61.353 72.009 83.822 96.917 111.433 127.523 145.359 165.131 187.047 211.342 238.273 268.125 301.217 337.899 378.561 421.315 150.000 nan nan nan nan nan nan nan nan nan nan nan nan nan nan nan nan nan nan nan nan nan nan nan nan nan 
 02:11:13.5  -nan 10 150.000 150.000 150.000 150.000 150.000 150.000 150.000 150.000 150.000 150.000 150.000 150.000 150.000 150.000 150.000 150.000 150.000 150.000 150.000 150.000 150.000 150.000 150.000 150.000 150.000 2.000 6.217 10.892 16.073 21.817 28.184 35.242 43.066 51.739 61.353 72.009 83.822 96.917 111.433 127.523 145.359 165.131 187.047 211.342 238.273 268.125 301.217 337.899 378.561 421.315 150.000 nan nan nan nan nan nan nan nan nan nan nan nan nan nan nan nan nan nan nan nan nan nan nan nan nan 
 02:11:14.1  -nan 10 150.000 150.000 150.000 150.000 150.000 150.000 150.000 150.000 150.000 150.000 150.000 150.000 150.000 150.000 150.000 150.000 150.000 150.000 150.000 150.000 150.000 150.000 150.000 150.000 150.000 2.000 6.217 10.892 16.073 21.817 28.184 35.242 43.066 51.739 61.353 72.009 83.822 96.917 111.433 127.523 145.359 165.131 187.047 211.342 238.273 268.125 301.217 337.899 378.561 421.315 150.000 nan nan nan nan nan nan nan nan nan nan nan nan nan nan nan nan nan nan nan nan nan nan nan nan nan 
 02:11:14.8  -nan 10 150.000 150.000 150.000 150.000 150.000 150.000 150.000 150.000 150.000 150.000 150.000 150.000 150.000 150.000 150.000 150.000 150.000 150.000 150.000 150.000 150.000 150.000 150.000 150.000 150.000 2.000 6.217 10.892 16.073 21.817 28.184 35.242 43.066 51.739 61.353 72.009 83.822 96.917 111.433 127.523 145.359 165.131 187.047 211.342 238.273 268.125 301.217 337.899 378.561 421.315 150.000 nan nan nan nan nan nan nan nan nan nan nan nan nan nan nan nan nan nan nan nan nan nan nan nan nan 
 02:11:15.5  -nan 10 150.000 150.000 150.000 150.000 150.000 150.000 150.000 150.000 150.000 150.000 150.000 150.000 150.000 150.000 150.000 150.000 150.000 150.000 150.000 150.000 150.000 150.000 150.000 150.000 150.000 2.000 6.217 10.892 16.073 21.817 28.184 35.242 43.066 51.739 61.353 72.009 83.822 96.917 111.433 127.523 145.359 165.131 187.047 211.342 238.273 268.125 301.217 337.899 378.561 421.315 150.000 nan nan nan nan nan nan nan nan nan nan nan nan nan nan nan nan nan nan nan nan nan nan nan nan nan 
 02:11:16.1  -nan 10 150.000 150.000 150.000 150.000 150.000 150.000 150.000 150.000 150.000 150.000 150.000 150.000 150.000 150.000 150.000 150.000 150.000 150.000 150.000 150.000 150.000 150.000 150.000 150.000 150.000 2.000 6.217 10.892 16.073 21.817 28.184 35.242 43.066 51.739 61.353 72.009 83.822 96.917 111.433 127.523 145.359 165.131 187.047 211.342 238.273 268.125 301.217 337.899 378.561 421.315 150.000 nan nan nan nan nan nan nan nan nan nan nan nan nan nan nan nan nan nan nan nan nan nan nan nan nan 
 02:11:16.7  -nan 10 150.000 150.000 150.000 150.000 150.000 150.000 150.000 150.000 150.000 150.000 150.000 150.000 150.000 150.000 150.000 150.000 150.000 150.000 150.000 150.000 150.000 150.000 150.000 150.000 150.000 2.000 6.217 10.892 16.073 21.817 28.184 35.242 43.066 51.739 61.353 72.009 83.822 96.917 111.433 127.523 145.359 165.131 187.047 211.342 238.273 268.125 301.217 337.899 378.561 421.315 150.000 nan nan nan nan nan nan nan nan nan nan nan nan nan nan nan nan nan nan nan nan nan nan nan nan nan 
 02:11:17.3  -nan 10 150.000 150.000 150.000 150.000 150.000 150.000 150.000 150.000 150.000 150.000 150.000 150.000 150.000 150.000 150.000 150.000 150.000 150.000 150.000 150.000 150.000 150.000 150.000 150.000 150.000 2.000 6.217 10.892 16.073 21.817 28.184 35.242 43.066 51.739 61.353 72.009 83.822 96.917 111.433 127.523 145.359 165.131 187.047 211.342 238.273 268.125 301.217 337.899 378.561 421.315 150.000 nan nan nan nan nan nan nan nan nan nan nan nan nan nan nan nan nan nan nan nan nan nan nan nan nan 
 02:11:17.9  -nan 10 150.000 150.000 150.000 150.000 150.000 150.000 150.000 150.000 150.000 150.000 150.000 150.000 150.000 150.000 150.000 150.000 150.000 150.000 150.000 150.000 150.000 150.000 150.000 150.000 150.000 2.000 6.217 10.892 16.073 21.817 28.184 35.242 43.066 51.739 61.353 72.009 83.822 96.917 111.433 127.523 145.359 165.131 187.047 211.342 238.273 268.125 301.217 337.899 378.561 421.315 150.000 nan nan nan nan nan nan nan nan nan nan nan nan nan nan nan nan nan nan nan nan nan nan nan nan nan 
 02:11:18.5  -nan 10 150.000 150.000 150.000 150.000 150.000 150.000 150.000 150.000 150.000 150.000 150.000 150.000 150.000 150.000 150.000 150.000 150.000 150.000 150.000 150.000 150.000 150.000 150.000 150.000 150.000 2.000 6.217 10.892 16.073 21.817 28.184 35.242 43.066 51.739 61.353 72.009 83.822 96.917 111.433 127.523 145.359 165.131 187.047 211.342 238.273 268.125 301.217 337.899 378.561 421.315 150.000 nan nan nan nan nan nan nan nan nan nan nan nan nan nan nan nan nan nan nan nan nan nan nan nan nan 
 02:11:19.3  -nan 10 150.000 150.000 150.000 150.000 150.000 150.000 150.000 150.000 150.000 150.000 150.000 150.000 150.000 150.000 150.000 150.000 150.000 150.000 150.000 150.000 150.000 150.000 150.000 150.000 150.000 2.000 6.217 10.892 16.073 21.817 28.184 35.242 43.066 51.739 61.353 72.009 83.822 96.917 111.433 127.523 145.359 165.131 187.047 211.342 238.273 268.125 301.217 337.899 378.561 421.315 150.000 nan nan nan nan nan nan nan nan nan nan nan nan nan nan nan nan nan nan nan nan nan nan nan nan nan 
 02:11:19.9  -nan 10 150.000 150.000 150.000 150.000 150.000 150.000 150.000 150.000 150.000 150.000 150.000 150.000 150.000 150.000 150.000 150.000 150.000 150.000 150.000 150.000 150.000 150.000 150.000 150.000 150.000 2.000 6.217 10.892 16.073 21.817 28.184 35.242 43.066 51.739 61.353 72.009 83.822 96.917 111.433 127.523 145.359 165.131 187.047 211.342 238.273 268.125 301.217 337.899 378.561 421.315 150.000 nan nan nan nan nan nan nan nan nan nan nan nan nan nan nan nan nan nan nan nan nan nan nan nan nan 
 02:11:20.5  -nan 10 150.000 150.000 150.000 150.000 150.000 150.000 150.000 150.000 150.000 150.000 150.000 150.000 150.000 150.000 150.000 150.000 150.000 150.000 150.000 150.000 150.000 150.000 150.000 150.000 150.000 2.000 6.217 10.892 16.073 21.817 28.184 35.242 43.066 51.739 61.353 72.009 83.822 96.917 111.433 127.523 145.359 165.131 187.047 211.342 238.273 268.125 301.217 337.899 378.561 421.315 150.000 nan nan nan nan nan nan nan nan nan nan nan nan nan nan nan nan nan nan nan nan nan nan nan nan nan 
 02:11:21.1  -nan 10 150.000 150.000 150.000 150.000 150.000 150.000 150.000 150.000 150.000 150.000 150.000 150.000 150.000 150.000 150.000 150.000 150.000 150.000 150.000 150.000 150.000 150.000 150.000 150.000 150.000 2.000 6.217 10.892 16.073 21.817 28.184 35.242 43.066 51.739 61.353 72.009 83.822 96.917 111.433 127.523 145.359 165.131 187.047 211.342 238.273 268.125 301.217 337.899 378.561 421.315 150.000 nan nan nan nan nan nan nan nan nan nan nan nan nan nan nan nan nan nan nan nan nan nan nan nan nan 
 02:11:21.7  -nan 10 150.000 150.000 150.000 150.000 150.000 150.000 150.000 150.000 150.000 150.000 150.000 150.000 150.000 150.000 150.000 150.000 150.000 150.000 150.000 150.000 150.000 150.000 150.000 150.000 150.000 2.000 6.217 10.892 16.073 21.817 28.184 35.242 43.066 51.739 61.353 72.009 83.822 96.917 111.433 127.523 145.359 165.131 187.047 211.342 238.273 268.125 301.217 337.899 378.561 421.315 150.000 nan nan nan nan nan nan nan nan nan nan nan nan nan nan nan nan nan nan nan nan nan nan nan nan nan 
 02:11:22.3  -nan 10 150.000 150.000 150.000 150.000 150.000 150.000 150.000 150.000 150.000 150.000 150.000 150.000 150.000 150.000 150.000 150.000 150.000 150.000 150.000 150.000 150.000 150.000 150.000 150.000 150.000 2.000 6.217 10.892 16.073 21.817 28.184 35.242 43.066 51.739 61.353 72.009 83.822 96.917 111.433 127.523 145.359 165.131 187.047 211.342 238.273 268.125 301.217 337.899 378.561 421.315 150.000 nan nan nan nan nan nan nan nan nan nan nan nan nan nan nan nan nan nan nan nan nan nan nan nan nan 
 02:11:23.1  -nan 10 150.000 150.000 150.000 150.000 150.000 150.000 150.000 150.000 150.000 150.000 150.000 150.000 150.000 150.000 150.000 150.000 150.000 150.000 150.000 150.000 150.000 150.000 150.000 150.000 150.000 2.000 6.217 10.892 16.073 21.817 28.184 35.242 43.066 51.739 61.353 72.009 83.822 96.917 111.433 127.523 145.359 165.131 187.047 211.342 238.273 268.125 301.217 337.899 378.561 421.315 150.000 nan nan nan nan nan nan nan nan nan nan nan nan nan nan nan nan nan nan nan nan nan nan nan nan nan 
 02:11:23.6  -nan 10 150.000 150.000 150.000 150.000 150.000 150.000 150.000 150.000 150.000 150.000 150.000 150.000 150.000 150.000 150.000 150.000 150.000 150.000 150.000 150.000 150.000 150.000 150.000 150.000 150.000 2.000 6.217 10.892 16.073 21.817 28.184 35.242 43.066 51.739 61.353 72.009 83.822 96.917 111.433 127.523 145.359 165.131 187.047 211.342 238.273 268.125 301.217 337.899 378.561 421.315 150.000 nan nan nan nan nan nan nan nan nan nan nan nan nan nan nan nan nan nan nan nan nan nan nan nan nan 
 02:11:24.2  -nan 10 150.000 150.000 150.000 150.000 150.000 150.000 150.000 150.000 150.000 150.000 150.000 150.000 150.000 150.000 150.000 150.000 150.000 150.000 150.000 150.000 150.000 150.000 150.000 150.000 150.000 2.000 6.217 10.892 16.073 21.817 28.184 35.242 43.066 51.739 61.353 72.009 83.822 96.917 111.433 127.523 145.359 165.131 187.047 211.342 238.273 268.125 301.217 337.899 378.561 421.315 150.000 nan nan nan nan nan nan nan nan nan nan nan nan nan nan nan nan nan nan nan nan nan nan nan nan nan 
 02:11:24.9  -nan 10 150.000 150.000 150.000 150.000 150.000 150.000 150.000 150.000 150.000 150.000 150.000 150.000 150.000 150.000 150.000 150.000 150.000 150.000 150.000 150.000 150.000 150.000 150.000 150.000 150.000 2.000 6.217 10.892 16.073 21.817 28.184 35.242 43.066 51.739 61.353 72.009 83.822 96.917 111.433 127.523 145.359 165.131 187.047 211.342 238.273 268.125 301.217 337.899 378.561 421.315 150.000 nan nan nan nan nan nan nan nan nan nan nan nan nan nan nan nan nan nan nan nan nan nan nan nan nan 
 02:11:25.5  -nan 10 150.000 150.000 150.000 150.000 150.000 150.000 150.000 150.000 150.000 150.000 150.000 150.000 150.000 150.000 150.000 150.000 150.000 150.000 150.000 150.000 150.000 150.000 150.000 150.000 150.000 2.000 6.217 10.892 16.073 21.817 28.184 35.242 43.066 51.739 61.353 72.009 83.822 96.917 111.433 127.523 145.359 165.131 187.047 211.342 238.273 268.125 301.217 337.899 378.561 421.315 150.000 nan nan nan nan nan nan nan nan nan nan nan nan nan nan nan nan nan nan nan nan nan nan nan nan nan 
 02:11:26.1  -nan 10 150.000 150.000 150.000 150.000 150.000 150.000 150.000 150.000 150.000 150.000 150.000 150.000 150.000 150.000 150.000 150.000 150.000 150.000 150.000 150.000 150.000 150.000 150.000 150.000 150.000 2.000 6.217 10.892 16.073 21.817 28.184 35.242 43.066 51.739 61.353 72.009 83.822 96.917 111.433 127.523 145.359 165.131 187.047 211.342 238.273 268.125 301.217 337.899 378.561 421.315 150.000 nan nan nan nan nan nan nan nan nan nan nan nan nan nan nan nan nan nan nan nan nan nan nan nan nan 
 02:11:26.8  -nan 10 150.000 150.000 150.000 150.000 150.000 150.000 150.000 150.000 150.000 150.000 150.000 150.000 150.000 150.000 150.000 150.000 150.000 150.000 150.000 150.000 150.000 150.000 150.000 150.000 150.000 2.000 6.217 10.892 16.073 21.817 28.184 35.242 43.066 51.739 61.353 72.009 83.822 96.917 111.433 127.523 145.359 165.131 187.047 211.342 238.273 268.125 301.217 337.899 378.561 421.315 150.000 nan nan nan nan nan nan nan nan nan nan nan nan nan nan nan nan nan nan nan nan nan nan nan nan nan 
 02:11:27.4  -nan 10 150.000 150.000 150.000 150.000 150.000 150.000 150.000 150.000 150.000 150.000 150.000 150.000 150.000 150.000 150.000 150.000 150.000 150.000 150.000 150.000 150.000 150.000 150.000 150.000 150.000 2.000 6.217 10.892 16.073 21.817 28.184 35.242 43.066 51.739 61.353 72.009 83.822 96.917 111.433 127.523 145.359 165.131 187.047 211.342 238.273 268.125 301.217 337.899 378.561 421.315 150.000 nan nan nan nan nan nan nan nan nan nan nan nan nan nan nan nan nan nan nan nan nan nan nan nan nan 
 02:11:28.0  -nan 10 150.000 150.000 150.000 150.000 150.000 150.000 150.000 150.000 150.000 150.000 150.000 150.000 150.000 150.000 150.000 150.000 150.000 150.000 150.000 150.000 150.000 150.000 150.000 150.000 150.000 2.000 6.217 10.892 16.073 21.817 28.184 35.242 43.066 51.739 61.353 72.009 83.822 96.917 111.433 127.523 145.359 165.131 187.047 211.342 238.273 268.125 301.217 337.899 378.561 421.315 150.000 nan nan nan nan nan nan nan nan nan nan nan nan nan nan nan nan nan nan nan nan nan nan nan nan nan 
 02:11:28.6  -nan 10 150.000 150.000 150.000 150.000 150.000 150.000 150.000 150.000 150.000 150.000 150.000 150.000 150.000 150.000 150.000 150.000 150.000 150.000 150.000 150.000 150.000 150.000 150.000 150.000 150.000 2.000 6.217 10.892 16.073 21.817 28.184 35.242 43.066 51.739 61.353 72.009 83.822 96.917 111.433 127.523 145.359 165.131 187.047 211.342 238.273 268.125 301.217 337.899 378.561 421.315 150.000 nan nan nan nan nan nan nan nan nan nan nan nan nan nan nan nan nan nan nan nan nan nan nan nan nan 
 02:11:29.2  -nan 10 150.000 150.000 150.000 150.000 150.000 150.000 150.000 150.000 150.000 150.000 150.000 150.000 150.000 150.000 150.000 150.000 150.000 150.000 150.000 150.000 150.000 150.000 150.000 150.000 150.000 2.000 6.217 10.892 16.073 21.817 28.184 35.242 43.066 51.739 61.353 72.009 83.822 96.917 111.433 127.523 145.359 165.131 187.047 211.342 238.273 268.125 301.217 337.899 378.561 421.315 150.000 nan nan nan nan nan nan nan nan nan nan nan nan nan nan nan nan nan nan nan nan nan nan nan nan nan 
 02:11:29.9  -nan 10 150.000 150.000 150.000 150.000 150.000 150.000 150.000 150.000 150.000 150.000 150.000 150.000 150.000 150.000 150.000 150.000 150.000 150.000 150.000 150.000 150.000 150.000 150.000 150.000 150.000 2.000 6.217 10.892 16.073 21.817 28.184 35.242 43.066 51.739 61.353 72.009 83.822 96.917 111.433 127.523 145.359 165.131 187.047 211.342 238.273 268.125 301.217 337.899 378.561 421.315 150.000 nan nan nan nan nan nan nan nan nan nan nan nan nan nan nan nan nan nan nan nan nan nan nan nan nan 
 02:11:30.6  -nan 10 150.000 150.000 150.000 150.000 150.000 150.000 150.000 150.000 150.000 150.000 150.000 150.000 150.000 150.000 150.000 150.000 150.000 150.000 150.000 150.000 150.000 150.000 150.000 150.000 150.000 2.000 6.217 10.892 16.073 21.817 28.184 35.242 43.066 51.739 61.353 72.009 83.822 96.917 111.433 127.523 145.359 165.131 187.047 211.342 238.273 268.125 301.217 337.899 378.561 421.315 150.000 nan nan nan nan nan nan nan nan nan nan nan nan nan nan nan nan nan nan nan nan nan nan nan nan nan 
 02:11:31.2  -nan 10 150.000 150.000 150.000 150.000 150.000 150.000 150.000 150.000 150.000 150.000 150.000 150.000 150.000 150.000 150.000 150.000 150.000 150.000 150.000 150.000 150.000 150.000 150.000 150.000 150.000 2.000 6.217 10.892 16.073 21.817 28.184 35.242 43.066 51.739 61.353 72.009 83.822 96.917 111.433 127.523 145.359 165.131 187.047 211.342 238.273 268.125 301.217 337.899 378.561 421.315 150.000 nan nan nan nan nan nan nan nan nan nan nan nan nan nan nan nan nan nan nan nan nan nan nan nan nan 
 02:11:31.8  -nan 10 150.000 150.000 150.000 150.000 150.000 150.000 150.000 150.000 150.000 150.000 150.000 150.000 150.000 150.000 150.000 150.000 150.000 150.000 150.000 150.000 150.000 150.000 150.000 150.000 150.000 2.000 6.217 10.892 16.073 21.817 28.184 35.242 43.066 51.739 61.353 72.009 83.822 96.917 111.433 127.523 145.359 165.131 187.047 211.342 238.273 268.125 301.217 337.899 378.561 421.315 150.000 nan nan nan nan nan nan nan nan nan nan nan nan nan nan nan nan nan nan nan nan nan nan nan nan nan 
 02:11:32.4  -nan 10 150.000 150.000 150.000 150.000 150.000 150.000 150.000 150.000 150.000 150.000 150.000 150.000 150.000 150.000 150.000 150.000 150.000 150.000 150.000 150.000 150.000 150.000 150.000 150.000 150.000 2.000 6.217 10.892 16.073 21.817 28.184 35.242 43.066 51.739 61.353 72.009 83.822 96.917 111.433 127.523 145.359 165.131 187.047 211.342 238.273 268.125 301.217 337.899 378.561 421.315 150.000 nan nan nan nan nan nan nan nan nan nan nan nan nan nan nan nan nan nan nan nan nan nan nan nan nan 
 02:11:33.0  -nan 10 150.000 150.000 150.000 150.000 150.000 150.000 150.000 150.000 150.000 150.000 150.000 150.000 150.000 150.000 150.000 150.000 150.000 150.000 150.000 150.000 150.000 150.000 150.000 150.000 150.000 2.000 6.217 10.892 16.073 21.817 28.184 35.242 43.066 51.739 61.353 72.009 83.822 96.917 111.433 127.523 145.359 165.131 187.047 211.342 238.273 268.125 301.217 337.899 378.561 421.315 150.000 nan nan nan nan nan nan nan nan nan nan nan nan nan nan nan nan nan nan nan nan nan nan nan nan nan 
 02:11:33.7  -nan 10 150.000 150.000 150.000 150.000 150.000 150.000 150.000 150.000 150.000 150.000 150.000 150.000 150.000 150.000 150.000 150.000 150.000 150.000 150.000 150.000 150.000 150.000 150.000 150.000 150.000 2.000 6.217 10.892 16.073 21.817 28.184 35.242 43.066 51.739 61.353 72.009 83.822 96.917 111.433 127.523 145.359 165.131 187.047 211.342 238.273 268.125 301.217 337.899 378.561 421.315 150.000 nan nan nan nan nan nan nan nan nan nan nan nan nan nan nan nan nan nan nan nan nan nan nan nan nan 
 02:11:34.3  -nan 10 150.000 150.000 150.000 150.000 150.000 150.000 150.000 150.000 150.000 150.000 150.000 150.000 150.000 150.000 150.000 150.000 150.000 150.000 150.000 150.000 150.000 150.000 150.000 150.000 150.000 2.000 6.217 10.892 16.073 21.817 28.184 35.242 43.066 51.739 61.353 72.009 83.822 96.917 111.433 127.523 145.359 165.131 187.047 211.342 238.273 268.125 301.217 337.899 378.561 421.315 150.000 nan nan nan nan nan nan nan nan nan nan nan nan nan nan nan nan nan nan nan nan nan nan nan nan nan 
 02:11:34.8  -nan 10 150.000 150.000 150.000 150.000 150.000 150.000 150.000 150.000 150.000 150.000 150.000 150.000 150.000 150.000 150.000 150.000 150.000 150.000 150.000 150.000 150.000 150.000 150.000 150.000 150.000 2.000 6.217 10.892 16.073 21.817 28.184 35.242 43.066 51.739 61.353 72.009 83.822 96.917 111.433 127.523 145.359 165.131 187.047 211.342 238.273 268.125 301.217 337.899 378.561 421.315 150.000 nan nan nan nan nan nan nan nan nan nan nan nan nan nan nan nan nan nan nan nan nan nan nan nan nan 
 02:11:35.4  -nan 10 150.000 150.000 150.000 150.000 150.000 150.000 150.000 150.000 150.000 150.000 150.000 150.000 150.000 150.000 150.000 150.000 150.000 150.000 150.000 150.000 150.000 150.000 150.000 150.000 150.000 2.000 6.217 10.892 16.073 21.817 28.184 35.242 43.066 51.739 61.353 72.009 83.822 96.917 111.433 127.523 145.359 165.131 187.047 211.342 238.273 268.125 301.217 337.899 378.561 421.315 150.000 nan nan nan nan nan nan nan nan nan nan nan nan nan nan nan nan nan nan nan nan nan nan nan nan nan 
 02:11:36.1  -nan 10 150.000 150.000 150.000 150.000 150.000 150.000 150.000 150.000 150.000 150.000 150.000 150.000 150.000 150.000 150.000 150.000 150.000 150.000 150.000 150.000 150.000 150.000 150.000 150.000 150.000 2.000 6.217 10.892 16.073 21.817 28.184 35.242 43.066 51.739 61.353 72.009 83.822 96.917 111.433 127.523 145.359 165.131 187.047 211.342 238.273 268.125 301.217 337.899 378.561 421.315 150.000 nan nan nan nan nan nan nan nan nan nan nan nan nan nan nan nan nan nan nan nan nan nan nan nan nan 
 02:11:36.7  -nan 10 150.000 150.000 150.000 150.000 150.000 150.000 150.000 150.000 150.000 150.000 150.000 150.000 150.000 150.000 150.000 150.000 150.000 150.000 150.000 150.000 150.000 150.000 150.000 150.000 150.000 2.000 6.217 10.892 16.073 21.817 28.184 35.242 43.066 51.739 61.353 72.009 83.822 96.917 111.433 127.523 145.359 165.131 187.047 211.342 238.273 268.125 301.217 337.899 378.561 421.315 150.000 nan nan nan nan nan nan nan nan nan nan nan nan nan nan nan nan nan nan nan nan nan nan nan nan nan 
 02:11:37.3  -nan 10 150.000 150.000 150.000 150.000 150.000 150.000 150.000 150.000 150.000 150.000 150.000 150.000 150.000 150.000 150.000 150.000 150.000 150.000 150.000 150.000 150.000 150.000 150.000 150.000 150.000 2.000 6.217 10.892 16.073 21.817 28.184 35.242 43.066 51.739 61.353 72.009 83.822 96.917 111.433 127.523 145.359 165.131 187.047 211.342 238.273 268.125 301.217 337.899 378.561 421.315 150.000 nan nan nan nan nan nan nan nan nan nan nan nan nan nan nan nan nan nan nan nan nan nan nan nan nan 
 02:11:37.9  -nan 10 150.000 150.000 150.000 150.000 150.000 150.000 150.000 150.000 150.000 150.000 150.000 150.000 150.000 150.000 150.000 150.000 150.000 150.000 150.000 150.000 150.000 150.000 150.000 150.000 150.000 2.000 6.217 10.892 16.073 21.817 28.184 35.242 43.066 51.739 61.353 72.009 83.822 96.917 111.433 127.523 145.359 165.131 187.047 211.342 238.273 268.125 301.217 337.899 378.561 421.315 150.000 nan nan nan nan nan nan nan nan nan nan nan nan nan nan nan nan nan nan nan nan nan nan nan nan nan 
 02:11:38.4  -nan 10 150.000 150.000 150.000 150.000 150.000 150.000 150.000 150.000 150.000 150.000 150.000 150.000 150.000 150.000 150.000 150.000 150.000 150.000 150.000 150.000 150.000 150.000 150.000 150.000 150.000 2.000 6.217 10.892 16.073 21.817 28.184 35.242 43.066 51.739 61.353 72.009 83.822 96.917 111.433 127.523 145.359 165.131 187.047 211.342 238.273 268.125 301.217 337.899 378.561 421.315 150.000 nan nan nan nan nan nan nan nan nan nan nan nan nan nan nan nan nan nan nan nan nan nan nan nan nan 
 02:11:39.1  -nan 10 150.000 150.000 150.000 150.000 150.000 150.000 150.000 150.000 150.000 150.000 150.000 150.000 150.000 150.000 150.000 150.000 150.000 150.000 150.000 150.000 150.000 150.000 150.000 150.000 150.000 2.000 6.217 10.892 16.073 21.817 28.184 35.242 43.066 51.739 61.353 72.009 83.822 96.917 111.433 127.523 145.359 165.131 187.047 211.342 238.273 268.125 301.217 337.899 378.561 421.315 150.000 nan nan nan nan nan nan nan nan nan nan nan nan nan nan nan nan nan nan nan nan nan nan nan nan nan 
 02:11:39.7  -nan 10 150.000 150.000 150.000 150.000 150.000 150.000 150.000 150.000 150.000 150.000 150.000 150.000 150.000 150.000 150.000 150.000 150.000 150.000 150.000 150.000 150.000 150.000 150.000 150.000 150.000 2.000 6.217 10.892 16.073 21.817 28.184 35.242 43.066 51.739 61.353 72.009 83.822 96.917 111.433 127.523 145.359 165.131 187.047 211.342 238.273 268.125 301.217 337.899 378.561 421.315 150.000 nan nan nan nan nan nan nan nan nan nan nan nan nan nan nan nan nan nan nan nan nan nan nan nan nan 
 02:11:40.3  -nan 10 150.000 150.000 150.000 150.000 150.000 150.000 150.000 150.000 150.000 150.000 150.000 150.000 150.000 150.000 150.000 150.000 150.000 150.000 150.000 150.000 150.000 150.000 150.000 150.000 150.000 2.000 6.217 10.892 16.073 21.817 28.184 35.242 43.066 51.739 61.353 72.009 83.822 96.917 111.433 127.523 145.359 165.131 187.047 211.342 238.273 268.125 301.217 337.899 378.561 421.315 150.000 nan nan nan nan nan nan nan nan nan nan nan nan nan nan nan nan nan nan nan nan nan nan nan nan nan 
 02:11:40.9  -nan 10 150.000 150.000 150.000 150.000 150.000 150.000 150.000 150.000 150.000 150.000 150.000 150.000 150.000 150.000 150.000 150.000 150.000 150.000 150.000 150.000 150.000 150.000 150.000 150.000 150.000 2.000 6.217 10.892 16.073 21.817 28.184 35.242 43.066 51.739 61.353 72.009 83.822 96.917 111.433 127.523 145.359 165.131 187.047 211.342 238.273 268.125 301.217 337.899 378.561 421.315 150.000 nan nan nan nan nan nan nan nan nan nan nan nan nan nan nan nan nan nan nan nan nan nan nan nan nan 
 02:11:41.5  -nan 10 150.000 150.000 150.000 150.000 150.000 150.000 150.000 150.000 150.000 150.000 150.000 150.000 150.000 150.000 150.000 150.000 150.000 150.000 150.000 150.000 150.000 150.000 150.000 150.000 150.000 2.000 6.217 10.892 16.073 21.817 28.184 35.242 43.066 51.739 61.353 72.009 83.822 96.917 111.433 127.523 145.359 165.131 187.047 211.342 238.273 268.125 301.217 337.899 378.561 421.315 150.000 nan nan nan nan nan nan nan nan nan nan nan nan nan nan nan nan nan nan nan nan nan nan nan nan nan 
 02:11:42.1  -nan 10 150.000 150.000 150.000 150.000 150.000 150.000 150.000 150.000 150.000 150.000 150.000 150.000 150.000 150.000 150.000 150.000 150.000 150.000 150.000 150.000 150.000 150.000 150.000 150.000 150.000 2.000 6.217 10.892 16.073 21.817 28.184 35.242 43.066 51.739 61.353 72.009 83.822 96.917 111.433 127.523 145.359 165.131 187.047 211.342 238.273 268.125 301.217 337.899 378.561 421.315 150.000 nan nan nan nan nan nan nan nan nan nan nan nan nan nan nan nan nan nan nan nan nan nan nan nan nan 
 02:11:42.7  -nan 10 150.000 150.000 150.000 150.000 150.000 150.000 150.000 150.000 150.000 150.000 150.000 150.000 150.000 150.000 150.000 150.000 150.000 150.000 150.000 150.000 150.000 150.000 150.000 150.000 150.000 2.000 6.217 10.892 16.073 21.817 28.184 35.242 43.066 51.739 61.353 72.009 83.822 96.917 111.433 127.523 145.359 165.131 187.047 211.342 238.273 268.125 301.217 337.899 378.561 421.315 150.000 nan nan nan nan nan nan nan nan nan nan nan nan nan nan nan nan nan nan nan nan nan nan nan nan nan 
 02:11:43.3  -nan 10 150.000 150.000 150.000 150.000 150.000 150.000 150.000 150.000 150.000 150.000 150.000 150.000 150.000 150.000 150.000 150.000 150.000 150.000 150.000 150.000 150.000 150.000 150.000 150.000 150.000 2.000 6.217 10.892 16.073 21.817 28.184 35.242 43.066 51.739 61.353 72.009 83.822 96.917 111.433 127.523 145.359 165.131 187.047 211.342 238.273 268.125 301.217 337.899 378.561 421.315 150.000 nan nan nan nan nan nan nan nan nan nan nan nan nan nan nan nan nan nan nan nan nan nan nan nan nan 
 02:11:43.9  -nan 10 150.000 150.000 150.000 150.000 150.000 150.000 150.000 150.000 150.000 150.000 150.000 150.000 150.000 150.000 150.000 150.000 150.000 150.000 150.000 150.000 150.000 150.000 150.000 150.000 150.000 2.000 6.217 10.892 16.073 21.817 28.184 35.242 43.066 51.739 61.353 72.009 83.822 96.917 111.433 127.523 145.359 165.131 187.047 211.342 238.273 268.125 301.217 337.899 378.561 421.315 150.000 nan nan nan nan nan nan nan nan nan nan nan nan nan nan nan nan nan nan nan nan nan nan nan nan nan 
 02:11:44.5  -nan 10 150.000 150.000 150.000 150.000 150.000 150.000 150.000 150.000 150.000 150.000 150.000 150.000 150.000 150.000 150.000 150.000 150.000 150.000 150.000 150.000 150.000 150.000 150.000 150.000 150.000 2.000 6.217 10.892 16.073 21.817 28.184 35.242 43.066 51.739 61.353 72.009 83.822 96.917 111.433 127.523 145.359 165.131 187.047 211.342 238.273 268.125 301.217 337.899 378.561 421.315 150.000 nan nan nan nan nan nan nan nan nan nan nan nan nan nan nan nan nan nan nan nan nan nan nan nan nan 
 02:11:45.1  -nan 10 150.000 150.000 150.000 150.000 150.000 150.000 150.000 150.000 150.000 150.000 150.000 150.000 150.000 150.000 150.000 150.000 150.000 150.000 150.000 150.000 150.000 150.000 150.000 150.000 150.000 2.000 6.217 10.892 16.073 21.817 28.184 35.242 43.066 51.739 61.353 72.009 83.822 96.917 111.433 127.523 145.359 165.131 187.047 211.342 238.273 268.125 301.217 337.899 378.561 421.315 150.000 nan nan nan nan nan nan nan nan nan nan nan nan nan nan nan nan nan nan nan nan nan nan nan nan nan 
 02:11:45.7  -nan 10 150.000 150.000 150.000 150.000 150.000 150.000 150.000 150.000 150.000 150.000 150.000 150.000 150.000 150.000 150.000 150.000 150.000 150.000 150.000 150.000 150.000 150.000 150.000 150.000 150.000 2.000 6.217 10.892 16.073 21.817 28.184 35.242 43.066 51.739 61.353 72.009 83.822 96.917 111.433 127.523 145.359 165.131 187.047 211.342 238.273 268.125 301.217 337.899 378.561 421.315 150.000 nan nan nan nan nan nan nan nan nan nan nan nan nan nan nan nan nan nan nan nan nan nan nan nan nan 
 02:11:46.3  -nan 10 150.000 150.000 150.000 150.000 150.000 150.000 150.000 150.000 150.000 150.000 150.000 150.000 150.000 150.000 150.000 150.000 150.000 150.000 150.000 150.000 150.000 150.000 150.000 150.000 150.000 2.000 6.217 10.892 16.073 21.817 28.184 35.242 43.066 51.739 61.353 72.009 83.822 96.917 111.433 127.523 145.359 165.131 187.047 211.342 238.273 268.125 301.217 337.899 378.561 421.315 150.000 nan nan nan nan nan nan nan nan nan nan nan nan nan nan nan nan nan nan nan nan nan nan nan nan nan 
 02:11:46.9  -nan 10 150.000 150.000 150.000 150.000 150.000 150.000 150.000 150.000 150.000 150.000 150.000 150.000 150.000 150.000 150.000 150.000 150.000 150.000 150.000 150.000 150.000 150.000 150.000 150.000 150.000 2.000 6.217 10.892 16.073 21.817 28.184 35.242 43.066 51.739 61.353 72.009 83.822 96.917 111.433 127.523 145.359 165.131 187.047 211.342 238.273 268.125 301.217 337.899 378.561 421.315 150.000 nan nan nan nan nan nan nan nan nan nan nan nan nan nan nan nan nan nan nan nan nan nan nan nan nan 
 02:11:47.6  -nan 10 150.000 150.000 150.000 150.000 150.000 150.000 150.000 150.000 150.000 150.000 150.000 150.000 150.000 150.000 150.000 150.000 150.000 150.000 150.000 150.000 150.000 150.000 150.000 150.000 150.000 2.000 6.217 10.892 16.073 21.817 28.184 35.242 43.066 51.739 61.353 72.009 83.822 96.917 111.433 127.523 145.359 165.131 187.047 211.342 238.273 268.125 301.217 337.899 378.561 421.315 150.000 nan nan nan nan nan nan nan nan nan nan nan nan nan nan nan nan nan nan nan nan nan nan nan nan nan 
 02:11:48.1  -nan 10 150.000 150.000 150.000 150.000 150.000 150.000 150.000 150.000 150.000 150.000 150.000 150.000 150.000 150.000 150.000 150.000 150.000 150.000 150.000 150.000 150.000 150.000 150.000 150.000 150.000 2.000 6.217 10.892 16.073 21.817 28.184 35.242 43.066 51.739 61.353 72.009 83.822 96.917 111.433 127.523 145.359 165.131 187.047 211.342 238.273 268.125 301.217 337.899 378.561 421.315 150.000 nan nan nan nan nan nan nan nan nan nan nan nan nan nan nan nan nan nan nan nan nan nan nan nan nan 
 02:11:48.7  -nan 10 150.000 150.000 150.000 150.000 150.000 150.000 150.000 150.000 150.000 150.000 150.000 150.000 150.000 150.000 150.000 150.000 150.000 150.000 150.000 150.000 150.000 150.000 150.000 150.000 150.000 2.000 6.217 10.892 16.073 21.817 28.184 35.242 43.066 51.739 61.353 72.009 83.822 96.917 111.433 127.523 145.359 165.131 187.047 211.342 238.273 268.125 301.217 337.899 378.561 421.315 150.000 nan nan nan nan nan nan nan nan nan nan nan nan nan nan nan nan nan nan nan nan nan nan nan nan nan 
 02:11:49.4  -nan 10 150.000 150.000 150.000 150.000 150.000 150.000 150.000 150.000 150.000 150.000 150.000 150.000 150.000 150.000 150.000 150.000 150.000 150.000 150.000 150.000 150.000 150.000 150.000 150.000 150.000 2.000 6.217 10.892 16.073 21.817 28.184 35.242 43.066 51.739 61.353 72.009 83.822 96.917 111.433 127.523 145.359 165.131 187.047 211.342 238.273 268.125 301.217 337.899 378.561 421.315 150.000 nan nan nan nan nan nan nan nan nan nan nan nan nan nan nan nan nan nan nan nan nan nan nan nan nan 
 02:11:49.9  -nan 10 150.000 150.000 150.000 150.000 150.000 150.000 150.000 150.000 150.000 150.000 150.000 150.000 150.000 150.000 150.000 150.000 150.000 150.000 150.000 150.000 150.000 150.000 150.000 150.000 150.000 2.000 6.217 10.892 16.073 21.817 28.184 35.242 43.066 51.739 61.353 72.009 83.822 96.917 111.433 127.523 145.359 165.131 187.047 211.342 238.273 268.125 301.217 337.899 378.561 421.315 150.000 nan nan nan nan nan nan nan nan nan nan nan nan nan nan nan nan nan nan nan nan nan nan nan nan nan 
 02:11:50.5  -nan 10 150.000 150.000 150.000 150.000 150.000 150.000 150.000 150.000 150.000 150.000 150.000 150.000 150.000 150.000 150.000 150.000 150.000 150.000 150.000 150.000 150.000 150.000 150.000 150.000 150.000 2.000 6.217 10.892 16.073 21.817 28.184 35.242 43.066 51.739 61.353 72.009 83.822 96.917 111.433 127.523 145.359 165.131 187.047 211.342 238.273 268.125 301.217 337.899 378.561 421.315 150.000 nan nan nan nan nan nan nan nan nan nan nan nan nan nan nan nan nan nan nan nan nan nan nan nan nan 
 02:11:51.1  -nan 10 150.000 150.000 150.000 150.000 150.000 150.000 150.000 150.000 150.000 150.000 150.000 150.000 150.000 150.000 150.000 150.000 150.000 150.000 150.000 150.000 150.000 150.000 150.000 150.000 150.000 2.000 6.217 10.892 16.073 21.817 28.184 35.242 43.066 51.739 61.353 72.009 83.822 96.917 111.433 127.523 145.359 165.131 187.047 211.342 238.273 268.125 301.217 337.899 378.561 421.315 150.000 nan nan nan nan nan nan nan nan nan nan nan nan nan nan nan nan nan nan nan nan nan nan nan nan nan 
 02:11:51.8  -nan 10 150.000 150.000 150.000 150.000 150.000 150.000 150.000 150.000 150.000 150.000 150.000 150.000 150.000 150.000 150.000 150.000 150.000 150.000 150.000 150.000 150.000 150.000 150.000 150.000 150.000 2.000 6.217 10.892 16.073 21.817 28.184 35.242 43.066 51.739 61.353 72.009 83.822 96.917 111.433 127.523 145.359 165.131 187.047 211.342 238.273 268.125 301.217 337.899 378.561 421.315 150.000 nan nan nan nan nan nan nan nan nan nan nan nan nan nan nan nan nan nan nan nan nan nan nan nan nan 
 02:11:52.4  -nan 10 150.000 150.000 150.000 150.000 150.000 150.000 150.000 150.000 150.000 150.000 150.000 150.000 150.000 150.000 150.000 150.000 150.000 150.000 150.000 150.000 150.000 150.000 150.000 150.000 150.000 2.000 6.217 10.892 16.073 21.817 28.184 35.242 43.066 51.739 61.353 72.009 83.822 96.917 111.433 127.523 145.359 165.131 187.047 211.342 238.273 268.125 301.217 337.899 378.561 421.315 150.000 nan nan nan nan nan nan nan nan nan nan nan nan nan nan nan nan nan nan nan nan nan nan nan nan nan 
 02:11:52.9  -nan 10 150.000 150.000 150.000 150.000 150.000 150.000 150.000 150.000 150.000 150.000 150.000 150.000 150.000 150.000 150.000 150.000 150.000 150.000 150.000 150.000 150.000 150.000 150.000 150.000 150.000 2.000 6.217 10.892 16.073 21.817 28.184 35.242 43.066 51.739 61.353 72.009 83.822 96.917 111.433 127.523 145.359 165.131 187.047 211.342 238.273 268.125 301.217 337.899 378.561 421.315 150.000 nan nan nan nan nan nan nan nan nan nan nan nan nan nan nan nan nan nan nan nan nan nan nan nan nan 
 02:11:53.6  -nan 10 150.000 150.000 150.000 150.000 150.000 150.000 150.000 150.000 150.000 150.000 150.000 150.000 150.000 150.000 150.000 150.000 150.000 150.000 150.000 150.000 150.000 150.000 150.000 150.000 150.000 2.000 6.217 10.892 16.073 21.817 28.184 35.242 43.066 51.739 61.353 72.009 83.822 96.917 111.433 127.523 145.359 165.131 187.047 211.342 238.273 268.125 301.217 337.899 378.561 421.315 150.000 nan nan nan nan nan nan nan nan nan nan nan nan nan nan nan nan nan nan nan nan nan nan nan nan nan 
 02:11:54.2  -nan 10 150.000 150.000 150.000 150.000 150.000 150.000 150.000 150.000 150.000 150.000 150.000 150.000 150.000 150.000 150.000 150.000 150.000 150.000 150.000 150.000 150.000 150.000 150.000 150.000 150.000 2.000 6.217 10.892 16.073 21.817 28.184 35.242 43.066 51.739 61.353 72.009 83.822 96.917 111.433 127.523 145.359 165.131 187.047 211.342 238.273 268.125 301.217 337.899 378.561 421.315 150.000 nan nan nan nan nan nan nan nan nan nan nan nan nan nan nan nan nan nan nan nan nan nan nan nan nan 
 02:11:54.8  -nan 10 150.000 150.000 150.000 150.000 150.000 150.000 150.000 150.000 150.000 150.000 150.000 150.000 150.000 150.000 150.000 150.000 150.000 150.000 150.000 150.000 150.000 150.000 150.000 150.000 150.000 2.000 6.217 10.892 16.073 21.817 28.184 35.242 43.066 51.739 61.353 72.009 83.822 96.917 111.433 127.523 145.359 165.131 187.047 211.342 238.273 268.125 301.217 337.899 378.561 421.315 150.000 nan nan nan nan nan nan nan nan nan nan nan nan nan nan nan nan nan nan nan nan nan nan nan nan nan 
 02:11:55.4  -nan 10 150.000 150.000 150.000 150.000 150.000 150.000 150.000 150.000 150.000 150.000 150.000 150.000 150.000 150.000 150.000 150.000 150.000 150.000 150.000 150.000 150.000 150.000 150.000 150.000 150.000 2.000 6.217 10.892 16.073 21.817 28.184 35.242 43.066 51.739 61.353 72.009 83.822 96.917 111.433 127.523 145.359 165.131 187.047 211.342 238.273 268.125 301.217 337.899 378.561 421.315 150.000 nan nan nan nan nan nan nan nan nan nan nan nan nan nan nan nan nan nan nan nan nan nan nan nan nan 
 02:11:55.9  -nan 10 150.000 150.000 150.000 150.000 150.000 150.000 150.000 150.000 150.000 150.000 150.000 150.000 150.000 150.000 150.000 150.000 150.000 150.000 150.000 150.000 150.000 150.000 150.000 150.000 150.000 2.000 6.217 10.892 16.073 21.817 28.184 35.242 43.066 51.739 61.353 72.009 83.822 96.917 111.433 127.523 145.359 165.131 187.047 211.342 238.273 268.125 301.217 337.899 378.561 421.315 150.000 nan nan nan nan nan nan nan nan nan nan nan nan nan nan nan nan nan nan nan nan nan nan nan nan nan 
 02:11:56.6  -nan 10 150.000 150.000 150.000 150.000 150.000 150.000 150.000 150.000 150.000 150.000 150.000 150.000 150.000 150.000 150.000 150.000 150.000 150.000 150.000 150.000 150.000 150.000 150.000 150.000 150.000 2.000 6.217 10.892 16.073 21.817 28.184 35.242 43.066 51.739 61.353 72.009 83.822 96.917 111.433 127.523 145.359 165.131 187.047 211.342 238.273 268.125 301.217 337.899 378.561 421.315 150.000 nan nan nan nan nan nan nan nan nan nan nan nan nan nan nan nan nan nan nan nan nan nan nan nan nan 
 02:11:57.2  -nan 10 150.000 150.000 150.000 150.000 150.000 150.000 150.000 150.000 150.000 150.000 150.000 150.000 150.000 150.000 150.000 150.000 150.000 150.000 150.000 150.000 150.000 150.000 150.000 150.000 150.000 2.000 6.217 10.892 16.073 21.817 28.184 35.242 43.066 51.739 61.353 72.009 83.822 96.917 111.433 127.523 145.359 165.131 187.047 211.342 238.273 268.125 301.217 337.899 378.561 421.315 150.000 nan nan nan nan nan nan nan nan nan nan nan nan nan nan nan nan nan nan nan nan nan nan nan nan nan 
 02:11:57.8  -nan 10 150.000 150.000 150.000 150.000 150.000 150.000 150.000 150.000 150.000 150.000 150.000 150.000 150.000 150.000 150.000 150.000 150.000 150.000 150.000 150.000 150.000 150.000 150.000 150.000 150.000 2.000 6.217 10.892 16.073 21.817 28.184 35.242 43.066 51.739 61.353 72.009 83.822 96.917 111.433 127.523 145.359 165.131 187.047 211.342 238.273 268.125 301.217 337.899 378.561 421.315 150.000 nan nan nan nan nan nan nan nan nan nan nan nan nan nan nan nan nan nan nan nan nan nan nan nan nan 
 02:11:58.4  -nan 10 150.000 150.000 150.000 150.000 150.000 150.000 150.000 150.000 150.000 150.000 150.000 150.000 150.000 150.000 150.000 150.000 150.000 150.000 150.000 150.000 150.000 150.000 150.000 150.000 150.000 2.000 6.217 10.892 16.073 21.817 28.184 35.242 43.066 51.739 61.353 72.009 83.822 96.917 111.433 127.523 145.359 165.131 187.047 211.342 238.273 268.125 301.217 337.899 378.561 421.315 150.000 nan nan nan nan nan nan nan nan nan nan nan nan nan nan nan nan nan nan nan nan nan nan nan nan nan 
 02:11:59.0  -nan 10 150.000 150.000 150.000 150.000 150.000 150.000 150.000 150.000 150.000 150.000 150.000 150.000 150.000 150.000 150.000 150.000 150.000 150.000 150.000 150.000 150.000 150.000 150.000 150.000 150.000 2.000 6.217 10.892 16.073 21.817 28.184 35.242 43.066 51.739 61.353 72.009 83.822 96.917 111.433 127.523 145.359 165.131 187.047 211.342 238.273 268.125 301.217 337.899 378.561 421.315 150.000 nan nan nan nan nan nan nan nan nan nan nan nan nan nan nan nan nan nan nan nan nan nan nan nan nan 
 02:11:59.6  -nan 10 150.000 150.000 150.000 150.000 150.000 150.000 150.000 150.000 150.000 150.000 150.000 150.000 150.000 150.000 150.000 150.000 150.000 150.000 150.000 150.000 150.000 150.000 150.000 150.000 150.000 2.000 6.217 10.892 16.073 21.817 28.184 35.242 43.066 51.739 61.353 72.009 83.822 96.917 111.433 127.523 145.359 165.131 187.047 211.342 238.273 268.125 301.217 337.899 378.561 421.315 150.000 nan nan nan nan nan nan nan nan nan nan nan nan nan nan nan nan nan nan nan nan nan nan nan nan nan 
 02:12:00.2  -nan 10 150.000 150.000 150.000 150.000 150.000 150.000 150.000 150.000 150.000 150.000 150.000 150.000 150.000 150.000 150.000 150.000 150.000 150.000 150.000 150.000 150.000 150.000 150.000 150.000 150.000 2.000 6.217 10.892 16.073 21.817 28.184 35.242 43.066 51.739 61.353 72.009 83.822 96.917 111.433 127.523 145.359 165.131 187.047 211.342 238.273 268.125 301.217 337.899 378.561 421.315 150.000 nan nan nan nan nan nan nan nan nan nan nan nan nan nan nan nan nan nan nan nan nan nan nan nan nan 
 02:12:00.8  -nan 10 150.000 150.000 150.000 150.000 150.000 150.000 150.000 150.000 150.000 150.000 150.000 150.000 150.000 150.000 150.000 150.000 150.000 150.000 150.000 150.000 150.000 150.000 150.000 150.000 150.000 2.000 6.217 10.892 16.073 21.817 28.184 35.242 43.066 51.739 61.353 72.009 83.822 96.917 111.433 127.523 145.359 165.131 187.047 211.342 238.273 268.125 301.217 337.899 378.561 421.315 150.000 nan nan nan nan nan nan nan nan nan nan nan nan nan nan nan nan nan nan nan nan nan nan nan nan nan 
 02:12:01.4  -nan 10 150.000 150.000 150.000 150.000 150.000 150.000 150.000 150.000 150.000 150.000 150.000 150.000 150.000 150.000 150.000 150.000 150.000 150.000 150.000 150.000 150.000 150.000 150.000 150.000 150.000 2.000 6.217 10.892 16.073 21.817 28.184 35.242 43.066 51.739 61.353 72.009 83.822 96.917 111.433 127.523 145.359 165.131 187.047 211.342 238.273 268.125 301.217 337.899 378.561 421.315 150.000 nan nan nan nan nan nan nan nan nan nan nan nan nan nan nan nan nan nan nan nan nan nan nan nan nan 
 02:12:02.0  -nan 10 150.000 150.000 150.000 150.000 150.000 150.000 150.000 150.000 150.000 150.000 150.000 150.000 150.000 150.000 150.000 150.000 150.000 150.000 150.000 150.000 150.000 150.000 150.000 150.000 150.000 2.000 6.217 10.892 16.073 21.817 28.184 35.242 43.066 51.739 61.353 72.009 83.822 96.917 111.433 127.523 145.359 165.131 187.047 211.342 238.273 268.125 301.217 337.899 378.561 421.315 150.000 nan nan nan nan nan nan nan nan nan nan nan nan nan nan nan nan nan nan nan nan nan nan nan nan nan 
 02:12:02.7  -nan 10 150.000 150.000 150.000 150.000 150.000 150.000 150.000 150.000 150.000 150.000 150.000 150.000 150.000 150.000 150.000 150.000 150.000 150.000 150.000 150.000 150.000 150.000 150.000 150.000 150.000 2.000 6.217 10.892 16.073 21.817 28.184 35.242 43.066 51.739 61.353 72.009 83.822 96.917 111.433 127.523 145.359 165.131 187.047 211.342 238.273 268.125 301.217 337.899 378.561 421.315 150.000 nan nan nan nan nan nan nan nan nan nan nan nan nan nan nan nan nan nan nan nan nan nan nan nan nan 
 02:12:03.3  -nan 10 150.000 150.000 150.000 150.000 150.000 150.000 150.000 150.000 150.000 150.000 150.000 150.000 150.000 150.000 150.000 150.000 150.000 150.000 150.000 150.000 150.000 150.000 150.000 150.000 150.000 2.000 6.217 10.892 16.073 21.817 28.184 35.242 43.066 51.739 61.353 72.009 83.822 96.917 111.433 127.523 145.359 165.131 187.047 211.342 238.273 268.125 301.217 337.899 378.561 421.315 150.000 nan nan nan nan nan nan nan nan nan nan nan nan nan nan nan nan nan nan nan nan nan nan nan nan nan 
 02:12:03.8  -nan 10 150.000 150.000 150.000 150.000 150.000 150.000 150.000 150.000 150.000 150.000 150.000 150.000 150.000 150.000 150.000 150.000 150.000 150.000 150.000 150.000 150.000 150.000 150.000 150.000 150.000 2.000 6.217 10.892 16.073 21.817 28.184 35.242 43.066 51.739 61.353 72.009 83.822 96.917 111.433 127.523 145.359 165.131 187.047 211.342 238.273 268.125 301.217 337.899 378.561 421.315 150.000 nan nan nan nan nan nan nan nan nan nan nan nan nan nan nan nan nan nan nan nan nan nan nan nan nan 
 02:12:04.4  -nan 10 150.000 150.000 150.000 150.000 150.000 150.000 150.000 150.000 150.000 150.000 150.000 150.000 150.000 150.000 150.000 150.000 150.000 150.000 150.000 150.000 150.000 150.000 150.000 150.000 150.000 2.000 6.217 10.892 16.073 21.817 28.184 35.242 43.066 51.739 61.353 72.009 83.822 96.917 111.433 127.523 145.359 165.131 187.047 211.342 238.273 268.125 301.217 337.899 378.561 421.315 150.000 nan nan nan nan nan nan nan nan nan nan nan nan nan nan nan nan nan nan nan nan nan nan nan nan nan 
 02:12:05.0  -nan 10 150.000 150.000 150.000 150.000 150.000 150.000 150.000 150.000 150.000 150.000 150.000 150.000 150.000 150.000 150.000 150.000 150.000 150.000 150.000 150.000 150.000 150.000 150.000 150.000 150.000 2.000 6.217 10.892 16.073 21.817 28.184 35.242 43.066 51.739 61.353 72.009 83.822 96.917 111.433 127.523 145.359 165.131 187.047 211.342 238.273 268.125 301.217 337.899 378.561 421.315 150.000 nan nan nan nan nan nan nan nan nan nan nan nan nan nan nan nan nan nan nan nan nan nan nan nan nan 
 02:12:05.7  -nan 10 150.000 150.000 150.000 150.000 150.000 150.000 150.000 150.000 150.000 150.000 150.000 150.000 150.000 150.000 150.000 150.000 150.000 150.000 150.000 150.000 150.000 150.000 150.000 150.000 150.000 2.000 6.217 10.892 16.073 21.817 28.184 35.242 43.066 51.739 61.353 72.009 83.822 96.917 111.433 127.523 145.359 165.131 187.047 211.342 238.273 268.125 301.217 337.899 378.561 421.315 150.000 nan nan nan nan nan nan nan nan nan nan nan nan nan nan nan nan nan nan nan nan nan nan nan nan nan 
 02:12:06.3  -nan 10 150.000 150.000 150.000 150.000 150.000 150.000 150.000 150.000 150.000 150.000 150.000 150.000 150.000 150.000 150.000 150.000 150.000 150.000 150.000 150.000 150.000 150.000 150.000 150.000 150.000 2.000 6.217 10.892 16.073 21.817 28.184 35.242 43.066 51.739 61.353 72.009 83.822 96.917 111.433 127.523 145.359 165.131 187.047 211.342 238.273 268.125 301.217 337.899 378.561 421.315 150.000 nan nan nan nan nan nan nan nan nan nan nan nan nan nan nan nan nan nan nan nan nan nan nan nan nan 
 02:12:06.9  -nan 10 150.000 150.000 150.000 150.000 150.000 150.000 150.000 150.000 150.000 150.000 150.000 150.000 150.000 150.000 150.000 150.000 150.000 150.000 150.000 150.000 150.000 150.000 150.000 150.000 150.000 2.000 6.217 10.892 16.073 21.817 28.184 35.242 43.066 51.739 61.353 72.009 83.822 96.917 111.433 127.523 145.359 165.131 187.047 211.342 238.273 268.125 301.217 337.899 378.561 421.315 150.000 nan nan nan nan nan nan nan nan nan nan nan nan nan nan nan nan nan nan nan nan nan nan nan nan nan 
 02:12:07.5  -nan 10 150.000 150.000 150.000 150.000 150.000 150.000 150.000 150.000 150.000 150.000 150.000 150.000 150.000 150.000 150.000 150.000 150.000 150.000 150.000 150.000 150.000 150.000 150.000 150.000 150.000 2.000 6.217 10.892 16.073 21.817 28.184 35.242 43.066 51.739 61.353 72.009 83.822 96.917 111.433 127.523 145.359 165.131 187.047 211.342 238.273 268.125 301.217 337.899 378.561 421.315 150.000 nan nan nan nan nan nan nan nan nan nan nan nan nan nan nan nan nan nan nan nan nan nan nan nan nan 
 02:12:08.1  -nan 10 150.000 150.000 150.000 150.000 150.000 150.000 150.000 150.000 150.000 150.000 150.000 150.000 150.000 150.000 150.000 150.000 150.000 150.000 150.000 150.000 150.000 150.000 150.000 150.000 150.000 2.000 6.217 10.892 16.073 21.817 28.184 35.242 43.066 51.739 61.353 72.009 83.822 96.917 111.433 127.523 145.359 165.131 187.047 211.342 238.273 268.125 301.217 337.899 378.561 421.315 150.000 nan nan nan nan nan nan nan nan nan nan nan nan nan nan nan nan nan nan nan nan nan nan nan nan nan 
 02:12:08.7  -nan 10 150.000 150.000 150.000 150.000 150.000 150.000 150.000 150.000 150.000 150.000 150.000 150.000 150.000 150.000 150.000 150.000 150.000 150.000 150.000 150.000 150.000 150.000 150.000 150.000 150.000 2.000 6.217 10.892 16.073 21.817 28.184 35.242 43.066 51.739 61.353 72.009 83.822 96.917 111.433 127.523 145.359 165.131 187.047 211.342 238.273 268.125 301.217 337.899 378.561 421.315 150.000 nan nan nan nan nan nan nan nan nan nan nan nan nan nan nan nan nan nan nan nan nan nan nan nan nan 
 02:12:09.3  -nan 10 150.000 150.000 150.000 150.000 150.000 150.000 150.000 150.000 150.000 150.000 150.000 150.000 150.000 150.000 150.000 150.000 150.000 150.000 150.000 150.000 150.000 150.000 150.000 150.000 150.000 2.000 6.217 10.892 16.073 21.817 28.184 35.242 43.066 51.739 61.353 72.009 83.822 96.917 111.433 127.523 145.359 165.131 187.047 211.342 238.273 268.125 301.217 337.899 378.561 421.315 150.000 nan nan nan nan nan nan nan nan nan nan nan nan nan nan nan nan nan nan nan nan nan nan nan nan nan 
 02:12:09.9  -nan 10 150.000 150.000 150.000 150.000 150.000 150.000 150.000 150.000 150.000 150.000 150.000 150.000 150.000 150.000 150.000 150.000 150.000 150.000 150.000 150.000 150.000 150.000 150.000 150.000 150.000 2.000 6.217 10.892 16.073 21.817 28.184 35.242 43.066 51.739 61.353 72.009 83.822 96.917 111.433 127.523 145.359 165.131 187.047 211.342 238.273 268.125 301.217 337.899 378.561 421.315 150.000 nan nan nan nan nan nan nan nan nan nan nan nan nan nan nan nan nan nan nan nan nan nan nan nan nan 
 02:12:10.5  -nan 10 150.000 150.000 150.000 150.000 150.000 150.000 150.000 150.000 150.000 150.000 150.000 150.000 150.000 150.000 150.000 150.000 150.000 150.000 150.000 150.000 150.000 150.000 150.000 150.000 150.000 2.000 6.217 10.892 16.073 21.817 28.184 35.242 43.066 51.739 61.353 72.009 83.822 96.917 111.433 127.523 145.359 165.131 187.047 211.342 238.273 268.125 301.217 337.899 378.561 421.315 150.000 nan nan nan nan nan nan nan nan nan nan nan nan nan nan nan nan nan nan nan nan nan nan nan nan nan 
 02:12:11.1  -nan 10 150.000 150.000 150.000 150.000 150.000 150.000 150.000 150.000 150.000 150.000 150.000 150.000 150.000 150.000 150.000 150.000 150.000 150.000 150.000 150.000 150.000 150.000 150.000 150.000 150.000 2.000 6.217 10.892 16.073 21.817 28.184 35.242 43.066 51.739 61.353 72.009 83.822 96.917 111.433 127.523 145.359 165.131 187.047 211.342 238.273 268.125 301.217 337.899 378.561 421.315 150.000 nan nan nan nan nan nan nan nan nan nan nan nan nan nan nan nan nan nan nan nan nan nan nan nan nan 
 02:12:11.7  -nan 10 150.000 150.000 150.000 150.000 150.000 150.000 150.000 150.000 150.000 150.000 150.000 150.000 150.000 150.000 150.000 150.000 150.000 150.000 150.000 150.000 150.000 150.000 150.000 150.000 150.000 2.000 6.217 10.892 16.073 21.817 28.184 35.242 43.066 51.739 61.353 72.009 83.822 96.917 111.433 127.523 145.359 165.131 187.047 211.342 238.273 268.125 301.217 337.899 378.561 421.315 150.000 nan nan nan nan nan nan nan nan nan nan nan nan nan nan nan nan nan nan nan nan nan nan nan nan nan 
 02:12:12.3  -nan 10 150.000 150.000 150.000 150.000 150.000 150.000 150.000 150.000 150.000 150.000 150.000 150.000 150.000 150.000 150.000 150.000 150.000 150.000 150.000 150.000 150.000 150.000 150.000 150.000 150.000 2.000 6.217 10.892 16.073 21.817 28.184 35.242 43.066 51.739 61.353 72.009 83.822 96.917 111.433 127.523 145.359 165.131 187.047 211.342 238.273 268.125 301.217 337.899 378.561 421.315 150.000 nan nan nan nan nan nan nan nan nan nan nan nan nan nan nan nan nan nan nan nan nan nan nan nan nan 
 02:12:12.9  -nan 10 150.000 150.000 150.000 150.000 150.000 150.000 150.000 150.000 150.000 150.000 150.000 150.000 150.000 150.000 150.000 150.000 150.000 150.000 150.000 150.000 150.000 150.000 150.000 150.000 150.000 2.000 6.217 10.892 16.073 21.817 28.184 35.242 43.066 51.739 61.353 72.009 83.822 96.917 111.433 127.523 145.359 165.131 187.047 211.342 238.273 268.125 301.217 337.899 378.561 421.315 150.000 nan nan nan nan nan nan nan nan nan nan nan nan nan nan nan nan nan nan nan nan nan nan nan nan nan 
 02:12:13.5  -nan 10 150.000 150.000 150.000 150.000 150.000 150.000 150.000 150.000 150.000 150.000 150.000 150.000 150.000 150.000 150.000 150.000 150.000 150.000 150.000 150.000 150.000 150.000 150.000 150.000 150.000 2.000 6.217 10.892 16.073 21.817 28.184 35.242 43.066 51.739 61.353 72.009 83.822 96.917 111.433 127.523 145.359 165.131 187.047 211.342 238.273 268.125 301.217 337.899 378.561 421.315 150.000 nan nan nan nan nan nan nan nan nan nan nan nan nan nan nan nan nan nan nan nan nan nan nan nan nan 
 02:12:14.1  -nan 10 150.000 150.000 150.000 150.000 150.000 150.000 150.000 150.000 150.000 150.000 150.000 150.000 150.000 150.000 150.000 150.000 150.000 150.000 150.000 150.000 150.000 150.000 150.000 150.000 150.000 2.000 6.217 10.892 16.073 21.817 28.184 35.242 43.066 51.739 61.353 72.009 83.822 96.917 111.433 127.523 145.359 165.131 187.047 211.342 238.273 268.125 301.217 337.899 378.561 421.315 150.000 nan nan nan nan nan nan nan nan nan nan nan nan nan nan nan nan nan nan nan nan nan nan nan nan nan 
 02:12:14.7  -nan 10 150.000 150.000 150.000 150.000 150.000 150.000 150.000 150.000 150.000 150.000 150.000 150.000 150.000 150.000 150.000 150.000 150.000 150.000 150.000 150.000 150.000 150.000 150.000 150.000 150.000 2.000 6.217 10.892 16.073 21.817 28.184 35.242 43.066 51.739 61.353 72.009 83.822 96.917 111.433 127.523 145.359 165.131 187.047 211.342 238.273 268.125 301.217 337.899 378.561 421.315 150.000 nan nan nan nan nan nan nan nan nan nan nan nan nan nan nan nan nan nan nan nan nan nan nan nan nan 
 02:12:15.3  -nan 10 150.000 150.000 150.000 150.000 150.000 150.000 150.000 150.000 150.000 150.000 150.000 150.000 150.000 150.000 150.000 150.000 150.000 150.000 150.000 150.000 150.000 150.000 150.000 150.000 150.000 2.000 6.217 10.892 16.073 21.817 28.184 35.242 43.066 51.739 61.353 72.009 83.822 96.917 111.433 127.523 145.359 165.131 187.047 211.342 238.273 268.125 301.217 337.899 378.561 421.315 150.000 nan nan nan nan nan nan nan nan nan nan nan nan nan nan nan nan nan nan nan nan nan nan nan nan nan 
 02:12:15.9  -nan 10 150.000 150.000 150.000 150.000 150.000 150.000 150.000 150.000 150.000 150.000 150.000 150.000 150.000 150.000 150.000 150.000 150.000 150.000 150.000 150.000 150.000 150.000 150.000 150.000 150.000 2.000 6.217 10.892 16.073 21.817 28.184 35.242 43.066 51.739 61.353 72.009 83.822 96.917 111.433 127.523 145.359 165.131 187.047 211.342 238.273 268.125 301.217 337.899 378.561 421.315 150.000 nan nan nan nan nan nan nan nan nan nan nan nan nan nan nan nan nan nan nan nan nan nan nan nan nan 
 02:12:16.5  -nan 10 150.000 150.000 150.000 150.000 150.000 150.000 150.000 150.000 150.000 150.000 150.000 150.000 150.000 150.000 150.000 150.000 150.000 150.000 150.000 150.000 150.000 150.000 150.000 150.000 150.000 2.000 6.217 10.892 16.073 21.817 28.184 35.242 43.066 51.739 61.353 72.009 83.822 96.917 111.433 127.523 145.359 165.131 187.047 211.342 238.273 268.125 301.217 337.899 378.561 421.315 150.000 nan nan nan nan nan nan nan nan nan nan nan nan nan nan nan nan nan nan nan nan nan nan nan nan nan 
 02:12:17.1  -nan 10 150.000 150.000 150.000 150.000 150.000 150.000 150.000 150.000 150.000 150.000 150.000 150.000 150.000 150.000 150.000 150.000 150.000 150.000 150.000 150.000 150.000 150.000 150.000 150.000 150.000 2.000 6.217 10.892 16.073 21.817 28.184 35.242 43.066 51.739 61.353 72.009 83.822 96.917 111.433 127.523 145.359 165.131 187.047 211.342 238.273 268.125 301.217 337.899 378.561 421.315 150.000 nan nan nan nan nan nan nan nan nan nan nan nan nan nan nan nan nan nan nan nan nan nan nan nan nan 
 02:12:17.7  -nan 10 150.000 150.000 150.000 150.000 150.000 150.000 150.000 150.000 150.000 150.000 150.000 150.000 150.000 150.000 150.000 150.000 150.000 150.000 150.000 150.000 150.000 150.000 150.000 150.000 150.000 2.000 6.217 10.892 16.073 21.817 28.184 35.242 43.066 51.739 61.353 72.009 83.822 96.917 111.433 127.523 145.359 165.131 187.047 211.342 238.273 268.125 301.217 337.899 378.561 421.315 150.000 nan nan nan nan nan nan nan nan nan nan nan nan nan nan nan nan nan nan nan nan nan nan nan nan nan 
 02:12:18.4  -nan 10 150.000 150.000 150.000 150.000 150.000 150.000 150.000 150.000 150.000 150.000 150.000 150.000 150.000 150.000 150.000 150.000 150.000 150.000 150.000 150.000 150.000 150.000 150.000 150.000 150.000 2.000 6.217 10.892 16.073 21.817 28.184 35.242 43.066 51.739 61.353 72.009 83.822 96.917 111.433 127.523 145.359 165.131 187.047 211.342 238.273 268.125 301.217 337.899 378.561 421.315 150.000 nan nan nan nan nan nan nan nan nan nan nan nan nan nan nan nan nan nan nan nan nan nan nan nan nan 
 02:12:18.9  -nan 10 150.000 150.000 150.000 150.000 150.000 150.000 150.000 150.000 150.000 150.000 150.000 150.000 150.000 150.000 150.000 150.000 150.000 150.000 150.000 150.000 150.000 150.000 150.000 150.000 150.000 2.000 6.217 10.892 16.073 21.817 28.184 35.242 43.066 51.739 61.353 72.009 83.822 96.917 111.433 127.523 145.359 165.131 187.047 211.342 238.273 268.125 301.217 337.899 378.561 421.315 150.000 nan nan nan nan nan nan nan nan nan nan nan nan nan nan nan nan nan nan nan nan nan nan nan nan nan 
 02:12:19.6  -nan 10 150.000 150.000 150.000 150.000 150.000 150.000 150.000 150.000 150.000 150.000 150.000 150.000 150.000 150.000 150.000 150.000 150.000 150.000 150.000 150.000 150.000 150.000 150.000 150.000 150.000 2.000 6.217 10.892 16.073 21.817 28.184 35.242 43.066 51.739 61.353 72.009 83.822 96.917 111.433 127.523 145.359 165.131 187.047 211.342 238.273 268.125 301.217 337.899 378.561 421.315 150.000 nan nan nan nan nan nan nan nan nan nan nan nan nan nan nan nan nan nan nan nan nan nan nan nan nan 
 02:12:20.2  -nan 10 150.000 150.000 150.000 150.000 150.000 150.000 150.000 150.000 150.000 150.000 150.000 150.000 150.000 150.000 150.000 150.000 150.000 150.000 150.000 150.000 150.000 150.000 150.000 150.000 150.000 2.000 6.217 10.892 16.073 21.817 28.184 35.242 43.066 51.739 61.353 72.009 83.822 96.917 111.433 127.523 145.359 165.131 187.047 211.342 238.273 268.125 301.217 337.899 378.561 421.315 150.000 nan nan nan nan nan nan nan nan nan nan nan nan nan nan nan nan nan nan nan nan nan nan nan nan nan 
 02:12:20.8  -nan 10 150.000 150.000 150.000 150.000 150.000 150.000 150.000 150.000 150.000 150.000 150.000 150.000 150.000 150.000 150.000 150.000 150.000 150.000 150.000 150.000 150.000 150.000 150.000 150.000 150.000 2.000 6.217 10.892 16.073 21.817 28.184 35.242 43.066 51.739 61.353 72.009 83.822 96.917 111.433 127.523 145.359 165.131 187.047 211.342 238.273 268.125 301.217 337.899 378.561 421.315 150.000 nan nan nan nan nan nan nan nan nan nan nan nan nan nan nan nan nan nan nan nan nan nan nan nan nan 
 02:12:21.4  -nan 10 150.000 150.000 150.000 150.000 150.000 150.000 150.000 150.000 150.000 150.000 150.000 150.000 150.000 150.000 150.000 150.000 150.000 150.000 150.000 150.000 150.000 150.000 150.000 150.000 150.000 2.000 6.217 10.892 16.073 21.817 28.184 35.242 43.066 51.739 61.353 72.009 83.822 96.917 111.433 127.523 145.359 165.131 187.047 211.342 238.273 268.125 301.217 337.899 378.561 421.315 150.000 nan nan nan nan nan nan nan nan nan nan nan nan nan nan nan nan nan nan nan nan nan nan nan nan nan 
 02:12:21.9  -nan 10 150.000 150.000 150.000 150.000 150.000 150.000 150.000 150.000 150.000 150.000 150.000 150.000 150.000 150.000 150.000 150.000 150.000 150.000 150.000 150.000 150.000 150.000 150.000 150.000 150.000 2.000 6.217 10.892 16.073 21.817 28.184 35.242 43.066 51.739 61.353 72.009 83.822 96.917 111.433 127.523 145.359 165.131 187.047 211.342 238.273 268.125 301.217 337.899 378.561 421.315 150.000 nan nan nan nan nan nan nan nan nan nan nan nan nan nan nan nan nan nan nan nan nan nan nan nan nan 
 02:12:22.6  -nan 10 150.000 150.000 150.000 150.000 150.000 150.000 150.000 150.000 150.000 150.000 150.000 150.000 150.000 150.000 150.000 150.000 150.000 150.000 150.000 150.000 150.000 150.000 150.000 150.000 150.000 2.000 6.217 10.892 16.073 21.817 28.184 35.242 43.066 51.739 61.353 72.009 83.822 96.917 111.433 127.523 145.359 165.131 187.047 211.342 238.273 268.125 301.217 337.899 378.561 421.315 150.000 nan nan nan nan nan nan nan nan nan nan nan nan nan nan nan nan nan nan nan nan nan nan nan nan nan 
 02:12:23.2  -nan 10 150.000 150.000 150.000 150.000 150.000 150.000 150.000 150.000 150.000 150.000 150.000 150.000 150.000 150.000 150.000 150.000 150.000 150.000 150.000 150.000 150.000 150.000 150.000 150.000 150.000 2.000 6.217 10.892 16.073 21.817 28.184 35.242 43.066 51.739 61.353 72.009 83.822 96.917 111.433 127.523 145.359 165.131 187.047 211.342 238.273 268.125 301.217 337.899 378.561 421.315 150.000 nan nan nan nan nan nan nan nan nan nan nan nan nan nan nan nan nan nan nan nan nan nan nan nan nan 
 02:12:23.8  -nan 10 150.000 150.000 150.000 150.000 150.000 150.000 150.000 150.000 150.000 150.000 150.000 150.000 150.000 150.000 150.000 150.000 150.000 150.000 150.000 150.000 150.000 150.000 150.000 150.000 150.000 2.000 6.217 10.892 16.073 21.817 28.184 35.242 43.066 51.739 61.353 72.009 83.822 96.917 111.433 127.523 145.359 165.131 187.047 211.342 238.273 268.125 301.217 337.899 378.561 421.315 150.000 nan nan nan nan nan nan nan nan nan nan nan nan nan nan nan nan nan nan nan nan nan nan nan nan nan 
 02:12:24.4  -nan 10 150.000 150.000 150.000 150.000 150.000 150.000 150.000 150.000 150.000 150.000 150.000 150.000 150.000 150.000 150.000 150.000 150.000 150.000 150.000 150.000 150.000 150.000 150.000 150.000 150.000 2.000 6.217 10.892 16.073 21.817 28.184 35.242 43.066 51.739 61.353 72.009 83.822 96.917 111.433 127.523 145.359 165.131 187.047 211.342 238.273 268.125 301.217 337.899 378.561 421.315 150.000 nan nan nan nan nan nan nan nan nan nan nan nan nan nan nan nan nan nan nan nan nan nan nan nan nan 
 02:12:25.0  -nan 10 150.000 150.000 150.000 150.000 150.000 150.000 150.000 150.000 150.000 150.000 150.000 150.000 150.000 150.000 150.000 150.000 150.000 150.000 150.000 150.000 150.000 150.000 150.000 150.000 150.000 2.000 6.217 10.892 16.073 21.817 28.184 35.242 43.066 51.739 61.353 72.009 83.822 96.917 111.433 127.523 145.359 165.131 187.047 211.342 238.273 268.125 301.217 337.899 378.561 421.315 150.000 nan nan nan nan nan nan nan nan nan nan nan nan nan nan nan nan nan nan nan nan nan nan nan nan nan 
 02:12:25.6  -nan 10 150.000 150.000 150.000 150.000 150.000 150.000 150.000 150.000 150.000 150.000 150.000 150.000 150.000 150.000 150.000 150.000 150.000 150.000 150.000 150.000 150.000 150.000 150.000 150.000 150.000 2.000 6.217 10.892 16.073 21.817 28.184 35.242 43.066 51.739 61.353 72.009 83.822 96.917 111.433 127.523 145.359 165.131 187.047 211.342 238.273 268.125 301.217 337.899 378.561 421.315 150.000 nan nan nan nan nan nan nan nan nan nan nan nan nan nan nan nan nan nan nan nan nan nan nan nan nan 
 02:12:26.2  -nan 10 150.000 150.000 150.000 150.000 150.000 150.000 150.000 150.000 150.000 150.000 150.000 150.000 150.000 150.000 150.000 150.000 150.000 150.000 150.000 150.000 150.000 150.000 150.000 150.000 150.000 2.000 6.217 10.892 16.073 21.817 28.184 35.242 43.066 51.739 61.353 72.009 83.822 96.917 111.433 127.523 145.359 165.131 187.047 211.342 238.273 268.125 301.217 337.899 378.561 421.315 150.000 nan nan nan nan nan nan nan nan nan nan nan nan nan nan nan nan nan nan nan nan nan nan nan nan nan 
 02:12:26.8  -nan 10 150.000 150.000 150.000 150.000 150.000 150.000 150.000 150.000 150.000 150.000 150.000 150.000 150.000 150.000 150.000 150.000 150.000 150.000 150.000 150.000 150.000 150.000 150.000 150.000 150.000 2.000 6.217 10.892 16.073 21.817 28.184 35.242 43.066 51.739 61.353 72.009 83.822 96.917 111.433 127.523 145.359 165.131 187.047 211.342 238.273 268.125 301.217 337.899 378.561 421.315 150.000 nan nan nan nan nan nan nan nan nan nan nan nan nan nan nan nan nan nan nan nan nan nan nan nan nan 
 02:12:27.4  -nan 10 150.000 150.000 150.000 150.000 150.000 150.000 150.000 150.000 150.000 150.000 150.000 150.000 150.000 150.000 150.000 150.000 150.000 150.000 150.000 150.000 150.000 150.000 150.000 150.000 150.000 2.000 6.217 10.892 16.073 21.817 28.184 35.242 43.066 51.739 61.353 72.009 83.822 96.917 111.433 127.523 145.359 165.131 187.047 211.342 238.273 268.125 301.217 337.899 378.561 421.315 150.000 nan nan nan nan nan nan nan nan nan nan nan nan nan nan nan nan nan nan nan nan nan nan nan nan nan 
 02:12:28.0  -nan 10 150.000 150.000 150.000 150.000 150.000 150.000 150.000 150.000 150.000 150.000 150.000 150.000 150.000 150.000 150.000 150.000 150.000 150.000 150.000 150.000 150.000 150.000 150.000 150.000 150.000 2.000 6.217 10.892 16.073 21.817 28.184 35.242 43.066 51.739 61.353 72.009 83.822 96.917 111.433 127.523 145.359 165.131 187.047 211.342 238.273 268.125 301.217 337.899 378.561 421.315 150.000 nan nan nan nan nan nan nan nan nan nan nan nan nan nan nan nan nan nan nan nan nan nan nan nan nan 
 02:12:28.6  -nan 10 150.000 150.000 150.000 150.000 150.000 150.000 150.000 150.000 150.000 150.000 150.000 150.000 150.000 150.000 150.000 150.000 150.000 150.000 150.000 150.000 150.000 150.000 150.000 150.000 150.000 2.000 6.217 10.892 16.073 21.817 28.184 35.242 43.066 51.739 61.353 72.009 83.822 96.917 111.433 127.523 145.359 165.131 187.047 211.342 238.273 268.125 301.217 337.899 378.561 421.315 150.000 nan nan nan nan nan nan nan nan nan nan nan nan nan nan nan nan nan nan nan nan nan nan nan nan nan 
 02:12:29.2  -nan 10 150.000 150.000 150.000 150.000 150.000 150.000 150.000 150.000 150.000 150.000 150.000 150.000 150.000 150.000 150.000 150.000 150.000 150.000 150.000 150.000 150.000 150.000 150.000 150.000 150.000 2.000 6.217 10.892 16.073 21.817 28.184 35.242 43.066 51.739 61.353 72.009 83.822 96.917 111.433 127.523 145.359 165.131 187.047 211.342 238.273 268.125 301.217 337.899 378.561 421.315 150.000 nan nan nan nan nan nan nan nan nan nan nan nan nan nan nan nan nan nan nan nan nan nan nan nan nan 
 02:12:29.9  -nan 10 150.000 150.000 150.000 150.000 150.000 150.000 150.000 150.000 150.000 150.000 150.000 150.000 150.000 150.000 150.000 150.000 150.000 150.000 150.000 150.000 150.000 150.000 150.000 150.000 150.000 2.000 6.217 10.892 16.073 21.817 28.184 35.242 43.066 51.739 61.353 72.009 83.822 96.917 111.433 127.523 145.359 165.131 187.047 211.342 238.273 268.125 301.217 337.899 378.561 421.315 150.000 nan nan nan nan nan nan nan nan nan nan nan nan nan nan nan nan nan nan nan nan nan nan nan nan nan 
 02:12:30.5  -nan 10 150.000 150.000 150.000 150.000 150.000 150.000 150.000 150.000 150.000 150.000 150.000 150.000 150.000 150.000 150.000 150.000 150.000 150.000 150.000 150.000 150.000 150.000 150.000 150.000 150.000 2.000 6.217 10.892 16.073 21.817 28.184 35.242 43.066 51.739 61.353 72.009 83.822 96.917 111.433 127.523 145.359 165.131 187.047 211.342 238.273 268.125 301.217 337.899 378.561 421.315 150.000 nan nan nan nan nan nan nan nan nan nan nan nan nan nan nan nan nan nan nan nan nan nan nan nan nan 
 02:12:31.0  -nan 10 150.000 150.000 150.000 150.000 150.000 150.000 150.000 150.000 150.000 150.000 150.000 150.000 150.000 150.000 150.000 150.000 150.000 150.000 150.000 150.000 150.000 150.000 150.000 150.000 150.000 2.000 6.217 10.892 16.073 21.817 28.184 35.242 43.066 51.739 61.353 72.009 83.822 96.917 111.433 127.523 145.359 165.131 187.047 211.342 238.273 268.125 301.217 337.899 378.561 421.315 150.000 nan nan nan nan nan nan nan nan nan nan nan nan nan nan nan nan nan nan nan nan nan nan nan nan nan 
 02:12:31.7  -nan 10 150.000 150.000 150.000 150.000 150.000 150.000 150.000 150.000 150.000 150.000 150.000 150.000 150.000 150.000 150.000 150.000 150.000 150.000 150.000 150.000 150.000 150.000 150.000 150.000 150.000 2.000 6.217 10.892 16.073 21.817 28.184 35.242 43.066 51.739 61.353 72.009 83.822 96.917 111.433 127.523 145.359 165.131 187.047 211.342 238.273 268.125 301.217 337.899 378.561 421.315 150.000 nan nan nan nan nan nan nan nan nan nan nan nan nan nan nan nan nan nan nan nan nan nan nan nan nan 
 02:12:32.3  -nan 10 150.000 150.000 150.000 150.000 150.000 150.000 150.000 150.000 150.000 150.000 150.000 150.000 150.000 150.000 150.000 150.000 150.000 150.000 150.000 150.000 150.000 150.000 150.000 150.000 150.000 2.000 6.217 10.892 16.073 21.817 28.184 35.242 43.066 51.739 61.353 72.009 83.822 96.917 111.433 127.523 145.359 165.131 187.047 211.342 238.273 268.125 301.217 337.899 378.561 421.315 150.000 nan nan nan nan nan nan nan nan nan nan nan nan nan nan nan nan nan nan nan nan nan nan nan nan nan 
 02:12:32.9  -nan 10 150.000 150.000 150.000 150.000 150.000 150.000 150.000 150.000 150.000 150.000 150.000 150.000 150.000 150.000 150.000 150.000 150.000 150.000 150.000 150.000 150.000 150.000 150.000 150.000 150.000 2.000 6.217 10.892 16.073 21.817 28.184 35.242 43.066 51.739 61.353 72.009 83.822 96.917 111.433 127.523 145.359 165.131 187.047 211.342 238.273 268.125 301.217 337.899 378.561 421.315 150.000 nan nan nan nan nan nan nan nan nan nan nan nan nan nan nan nan nan nan nan nan nan nan nan nan nan 
 02:12:33.5  -nan 10 150.000 150.000 150.000 150.000 150.000 150.000 150.000 150.000 150.000 150.000 150.000 150.000 150.000 150.000 150.000 150.000 150.000 150.000 150.000 150.000 150.000 150.000 150.000 150.000 150.000 2.000 6.217 10.892 16.073 21.817 28.184 35.242 43.066 51.739 61.353 72.009 83.822 96.917 111.433 127.523 145.359 165.131 187.047 211.342 238.273 268.125 301.217 337.899 378.561 421.315 150.000 nan nan nan nan nan nan nan nan nan nan nan nan nan nan nan nan nan nan nan nan nan nan nan nan nan 
 02:12:34.1  -nan 10 150.000 150.000 150.000 150.000 150.000 150.000 150.000 150.000 150.000 150.000 150.000 150.000 150.000 150.000 150.000 150.000 150.000 150.000 150.000 150.000 150.000 150.000 150.000 150.000 150.000 2.000 6.217 10.892 16.073 21.817 28.184 35.242 43.066 51.739 61.353 72.009 83.822 96.917 111.433 127.523 145.359 165.131 187.047 211.342 238.273 268.125 301.217 337.899 378.561 421.315 150.000 nan nan nan nan nan nan nan nan nan nan nan nan nan nan nan nan nan nan nan nan nan nan nan nan nan 
 02:12:34.7  -nan 10 150.000 150.000 150.000 150.000 150.000 150.000 150.000 150.000 150.000 150.000 150.000 150.000 150.000 150.000 150.000 150.000 150.000 150.000 150.000 150.000 150.000 150.000 150.000 150.000 150.000 2.000 6.217 10.892 16.073 21.817 28.184 35.242 43.066 51.739 61.353 72.009 83.822 96.917 111.433 127.523 145.359 165.131 187.047 211.342 238.273 268.125 301.217 337.899 378.561 421.315 150.000 nan nan nan nan nan nan nan nan nan nan nan nan nan nan nan nan nan nan nan nan nan nan nan nan nan 
 02:12:35.3  -nan 10 150.000 150.000 150.000 150.000 150.000 150.000 150.000 150.000 150.000 150.000 150.000 150.000 150.000 150.000 150.000 150.000 150.000 150.000 150.000 150.000 150.000 150.000 150.000 150.000 150.000 2.000 6.217 10.892 16.073 21.817 28.184 35.242 43.066 51.739 61.353 72.009 83.822 96.917 111.433 127.523 145.359 165.131 187.047 211.342 238.273 268.125 301.217 337.899 378.561 421.315 150.000 nan nan nan nan nan nan nan nan nan nan nan nan nan nan nan nan nan nan nan nan nan nan nan nan nan 
 02:12:35.9  -nan 10 150.000 150.000 150.000 150.000 150.000 150.000 150.000 150.000 150.000 150.000 150.000 150.000 150.000 150.000 150.000 150.000 150.000 150.000 150.000 150.000 150.000 150.000 150.000 150.000 150.000 2.000 6.217 10.892 16.073 21.817 28.184 35.242 43.066 51.739 61.353 72.009 83.822 96.917 111.433 127.523 145.359 165.131 187.047 211.342 238.273 268.125 301.217 337.899 378.561 421.315 150.000 nan nan nan nan nan nan nan nan nan nan nan nan nan nan nan nan nan nan nan nan nan nan nan nan nan 
 02:12:36.5  -nan 10 150.000 150.000 150.000 150.000 150.000 150.000 150.000 150.000 150.000 150.000 150.000 150.000 150.000 150.000 150.000 150.000 150.000 150.000 150.000 150.000 150.000 150.000 150.000 150.000 150.000 2.000 6.217 10.892 16.073 21.817 28.184 35.242 43.066 51.739 61.353 72.009 83.822 96.917 111.433 127.523 145.359 165.131 187.047 211.342 238.273 268.125 301.217 337.899 378.561 421.315 150.000 nan nan nan nan nan nan nan nan nan nan nan nan nan nan nan nan nan nan nan nan nan nan nan nan nan 
 02:12:37.1  -nan 10 150.000 150.000 150.000 150.000 150.000 150.000 150.000 150.000 150.000 150.000 150.000 150.000 150.000 150.000 150.000 150.000 150.000 150.000 150.000 150.000 150.000 150.000 150.000 150.000 150.000 2.000 6.217 10.892 16.073 21.817 28.184 35.242 43.066 51.739 61.353 72.009 83.822 96.917 111.433 127.523 145.359 165.131 187.047 211.342 238.273 268.125 301.217 337.899 378.561 421.315 150.000 nan nan nan nan nan nan nan nan nan nan nan nan nan nan nan nan nan nan nan nan nan nan nan nan nan 
 02:12:37.7  -nan 10 150.000 150.000 150.000 150.000 150.000 150.000 150.000 150.000 150.000 150.000 150.000 150.000 150.000 150.000 150.000 150.000 150.000 150.000 150.000 150.000 150.000 150.000 150.000 150.000 150.000 2.000 6.217 10.892 16.073 21.817 28.184 35.242 43.066 51.739 61.353 72.009 83.822 96.917 111.433 127.523 145.359 165.131 187.047 211.342 238.273 268.125 301.217 337.899 378.561 421.315 150.000 nan nan nan nan nan nan nan nan nan nan nan nan nan nan nan nan nan nan nan nan nan nan nan nan nan 
 02:12:38.3  -nan 10 150.000 150.000 150.000 150.000 150.000 150.000 150.000 150.000 150.000 150.000 150.000 150.000 150.000 150.000 150.000 150.000 150.000 150.000 150.000 150.000 150.000 150.000 150.000 150.000 150.000 2.000 6.217 10.892 16.073 21.817 28.184 35.242 43.066 51.739 61.353 72.009 83.822 96.917 111.433 127.523 145.359 165.131 187.047 211.342 238.273 268.125 301.217 337.899 378.561 421.315 150.000 nan nan nan nan nan nan nan nan nan nan nan nan nan nan nan nan nan nan nan nan nan nan nan nan nan 
 02:12:38.9  -nan 10 150.000 150.000 150.000 150.000 150.000 150.000 150.000 150.000 150.000 150.000 150.000 150.000 150.000 150.000 150.000 150.000 150.000 150.000 150.000 150.000 150.000 150.000 150.000 150.000 150.000 2.000 6.217 10.892 16.073 21.817 28.184 35.242 43.066 51.739 61.353 72.009 83.822 96.917 111.433 127.523 145.359 165.131 187.047 211.342 238.273 268.125 301.217 337.899 378.561 421.315 150.000 nan nan nan nan nan nan nan nan nan nan nan nan nan nan nan nan nan nan nan nan nan nan nan nan nan 
 02:12:39.5  -nan 10 150.000 150.000 150.000 150.000 150.000 150.000 150.000 150.000 150.000 150.000 150.000 150.000 150.000 150.000 150.000 150.000 150.000 150.000 150.000 150.000 150.000 150.000 150.000 150.000 150.000 2.000 6.217 10.892 16.073 21.817 28.184 35.242 43.066 51.739 61.353 72.009 83.822 96.917 111.433 127.523 145.359 165.131 187.047 211.342 238.273 268.125 301.217 337.899 378.561 421.315 150.000 nan nan nan nan nan nan nan nan nan nan nan nan nan nan nan nan nan nan nan nan nan nan nan nan nan 
 02:12:40.1  -nan 10 150.000 150.000 150.000 150.000 150.000 150.000 150.000 150.000 150.000 150.000 150.000 150.000 150.000 150.000 150.000 150.000 150.000 150.000 150.000 150.000 150.000 150.000 150.000 150.000 150.000 2.000 6.217 10.892 16.073 21.817 28.184 35.242 43.066 51.739 61.353 72.009 83.822 96.917 111.433 127.523 145.359 165.131 187.047 211.342 238.273 268.125 301.217 337.899 378.561 421.315 150.000 nan nan nan nan nan nan nan nan nan nan nan nan nan nan nan nan nan nan nan nan nan nan nan nan nan 
 02:12:40.7  -nan 10 150.000 150.000 150.000 150.000 150.000 150.000 150.000 150.000 150.000 150.000 150.000 150.000 150.000 150.000 150.000 150.000 150.000 150.000 150.000 150.000 150.000 150.000 150.000 150.000 150.000 2.000 6.217 10.892 16.073 21.817 28.184 35.242 43.066 51.739 61.353 72.009 83.822 96.917 111.433 127.523 145.359 165.131 187.047 211.342 238.273 268.125 301.217 337.899 378.561 421.315 150.000 nan nan nan nan nan nan nan nan nan nan nan nan nan nan nan nan nan nan nan nan nan nan nan nan nan 
 02:12:41.3  -nan 10 150.000 150.000 150.000 150.000 150.000 150.000 150.000 150.000 150.000 150.000 150.000 150.000 150.000 150.000 150.000 150.000 150.000 150.000 150.000 150.000 150.000 150.000 150.000 150.000 150.000 2.000 6.217 10.892 16.073 21.817 28.184 35.242 43.066 51.739 61.353 72.009 83.822 96.917 111.433 127.523 145.359 165.131 187.047 211.342 238.273 268.125 301.217 337.899 378.561 421.315 150.000 nan nan nan nan nan nan nan nan nan nan nan nan nan nan nan nan nan nan nan nan nan nan nan nan nan 
 02:12:41.9  -nan 10 150.000 150.000 150.000 150.000 150.000 150.000 150.000 150.000 150.000 150.000 150.000 150.000 150.000 150.000 150.000 150.000 150.000 150.000 150.000 150.000 150.000 150.000 150.000 150.000 150.000 2.000 6.217 10.892 16.073 21.817 28.184 35.242 43.066 51.739 61.353 72.009 83.822 96.917 111.433 127.523 145.359 165.131 187.047 211.342 238.273 268.125 301.217 337.899 378.561 421.315 150.000 nan nan nan nan nan nan nan nan nan nan nan nan nan nan nan nan nan nan nan nan nan nan nan nan nan 
 02:12:42.5  -nan 10 150.000 150.000 150.000 150.000 150.000 150.000 150.000 150.000 150.000 150.000 150.000 150.000 150.000 150.000 150.000 150.000 150.000 150.000 150.000 150.000 150.000 150.000 150.000 150.000 150.000 2.000 6.217 10.892 16.073 21.817 28.184 35.242 43.066 51.739 61.353 72.009 83.822 96.917 111.433 127.523 145.359 165.131 187.047 211.342 238.273 268.125 301.217 337.899 378.561 421.315 150.000 nan nan nan nan nan nan nan nan nan nan nan nan nan nan nan nan nan nan nan nan nan nan nan nan nan 
 02:12:43.1  -nan 10 150.000 150.000 150.000 150.000 150.000 150.000 150.000 150.000 150.000 150.000 150.000 150.000 150.000 150.000 150.000 150.000 150.000 150.000 150.000 150.000 150.000 150.000 150.000 150.000 150.000 2.000 6.217 10.892 16.073 21.817 28.184 35.242 43.066 51.739 61.353 72.009 83.822 96.917 111.433 127.523 145.359 165.131 187.047 211.342 238.273 268.125 301.217 337.899 378.561 421.315 150.000 nan nan nan nan nan nan nan nan nan nan nan nan nan nan nan nan nan nan nan nan nan nan nan nan nan 
 02:12:43.7  -nan 10 150.000 150.000 150.000 150.000 150.000 150.000 150.000 150.000 150.000 150.000 150.000 150.000 150.000 150.000 150.000 150.000 150.000 150.000 150.000 150.000 150.000 150.000 150.000 150.000 150.000 2.000 6.217 10.892 16.073 21.817 28.184 35.242 43.066 51.739 61.353 72.009 83.822 96.917 111.433 127.523 145.359 165.131 187.047 211.342 238.273 268.125 301.217 337.899 378.561 421.315 150.000 nan nan nan nan nan nan nan nan nan nan nan nan nan nan nan nan nan nan nan nan nan nan nan nan nan 
 02:12:44.4  -nan 10 150.000 150.000 150.000 150.000 150.000 150.000 150.000 150.000 150.000 150.000 150.000 150.000 150.000 150.000 150.000 150.000 150.000 150.000 150.000 150.000 150.000 150.000 150.000 150.000 150.000 2.000 6.217 10.892 16.073 21.817 28.184 35.242 43.066 51.739 61.353 72.009 83.822 96.917 111.433 127.523 145.359 165.131 187.047 211.342 238.273 268.125 301.217 337.899 378.561 421.315 150.000 nan nan nan nan nan nan nan nan nan nan nan nan nan nan nan nan nan nan nan nan nan nan nan nan nan 
 02:12:44.9  -nan 10 150.000 150.000 150.000 150.000 150.000 150.000 150.000 150.000 150.000 150.000 150.000 150.000 150.000 150.000 150.000 150.000 150.000 150.000 150.000 150.000 150.000 150.000 150.000 150.000 150.000 2.000 6.217 10.892 16.073 21.817 28.184 35.242 43.066 51.739 61.353 72.009 83.822 96.917 111.433 127.523 145.359 165.131 187.047 211.342 238.273 268.125 301.217 337.899 378.561 421.315 150.000 nan nan nan nan nan nan nan nan nan nan nan nan nan nan nan nan nan nan nan nan nan nan nan nan nan 
 02:12:45.5  -nan 10 150.000 150.000 150.000 150.000 150.000 150.000 150.000 150.000 150.000 150.000 150.000 150.000 150.000 150.000 150.000 150.000 150.000 150.000 150.000 150.000 150.000 150.000 150.000 150.000 150.000 2.000 6.217 10.892 16.073 21.817 28.184 35.242 43.066 51.739 61.353 72.009 83.822 96.917 111.433 127.523 145.359 165.131 187.047 211.342 238.273 268.125 301.217 337.899 378.561 421.315 150.000 nan nan nan nan nan nan nan nan nan nan nan nan nan nan nan nan nan nan nan nan nan nan nan nan nan 
 02:12:46.1  -nan 10 150.000 150.000 150.000 150.000 150.000 150.000 150.000 150.000 150.000 150.000 150.000 150.000 150.000 150.000 150.000 150.000 150.000 150.000 150.000 150.000 150.000 150.000 150.000 150.000 150.000 2.000 6.217 10.892 16.073 21.817 28.184 35.242 43.066 51.739 61.353 72.009 83.822 96.917 111.433 127.523 145.359 165.131 187.047 211.342 238.273 268.125 301.217 337.899 378.561 421.315 150.000 nan nan nan nan nan nan nan nan nan nan nan nan nan nan nan nan nan nan nan nan nan nan nan nan nan 
 02:12:46.7  -nan 10 150.000 150.000 150.000 150.000 150.000 150.000 150.000 150.000 150.000 150.000 150.000 150.000 150.000 150.000 150.000 150.000 150.000 150.000 150.000 150.000 150.000 150.000 150.000 150.000 150.000 2.000 6.217 10.892 16.073 21.817 28.184 35.242 43.066 51.739 61.353 72.009 83.822 96.917 111.433 127.523 145.359 165.131 187.047 211.342 238.273 268.125 301.217 337.899 378.561 421.315 150.000 nan nan nan nan nan nan nan nan nan nan nan nan nan nan nan nan nan nan nan nan nan nan nan nan nan 
 02:12:47.3  -nan 10 150.000 150.000 150.000 150.000 150.000 150.000 150.000 150.000 150.000 150.000 150.000 150.000 150.000 150.000 150.000 150.000 150.000 150.000 150.000 150.000 150.000 150.000 150.000 150.000 150.000 2.000 6.217 10.892 16.073 21.817 28.184 35.242 43.066 51.739 61.353 72.009 83.822 96.917 111.433 127.523 145.359 165.131 187.047 211.342 238.273 268.125 301.217 337.899 378.561 421.315 150.000 nan nan nan nan nan nan nan nan nan nan nan nan nan nan nan nan nan nan nan nan nan nan nan nan nan 
