50 50 50 0.089444 1.053954 3.898177 9.248149 17.220204 27.568249 39.846835 53.538026 68.133747 83.181925 98.307130 113.214929 127.686805 141.570373 154.767916 2.495491 9.586050 20.216791 33.042695 46.772567 60.365523 73.080943 84.455270 94.249636 102.392000 108.924870 113.962713 117.659645 120.186331 121.714427 
50 50 50 0.107570 1.238917 4.521667 10.576556 19.424016 30.694700 43.833947 58.246360 73.380744 88.771173 104.049831 118.943546 133.262160 146.883867 159.740468 2.707298 10.345517 21.653892 35.069229 49.159238 62.828715 75.348924 86.307062 95.531035 103.016016 108.863193 113.233202 116.313100 118.294454 119.359840 
50 50 50 0.127330 1.430234 5.137697 11.827994 21.400497 33.358821 47.053394 61.835886 77.139294 92.508746 107.603727 122.185871 136.101083 149.260931 161.625819 2.888463 10.971773 22.771610 36.521172 50.683809 64.152904 76.247492 86.628468 95.200067 102.023269 107.249069 111.071254 113.695372 115.319870 116.125818 
50 50 50 0.148268 1.620428 5.715231 12.930123 23.026984 35.391525 49.304886 64.097112 79.214495 94.235913 108.863149 122.900428 136.231674 148.799611 160.588380 3.030945 11.434455 23.512938 37.326301 51.282043 64.308192 75.802953 85.515061 93.424757 99.648810 104.372898 107.807369 110.160584 111.624464 112.367972 
50 50 50 0.169955 1.802878 6.229041 13.830300 24.226038 36.705059 50.512105 64.988362 79.619318 94.034407 107.985918 121.322123 133.961789 145.872929 157.056364 3.131260 11.721679 23.862632 37.483622 50.990374 63.388117 74.176408 83.195271 90.491547 96.221708 100.588192 103.801223 106.058147 107.533911 108.378171 
50 50 50 0.192027 1.972250 6.661189 14.497750 24.965912 37.287419 50.705854 64.602933 78.522549 92.153838 105.300904 117.852207 129.754743 140.994220 151.580736 3.189728 11.836855 23.839048 37.046574 49.916788 61.566010 71.605791 79.960800 86.728562 92.086574 96.236695 99.375049 101.677910 103.296835 104.358714 
50 50 50 0.214175 2.124425 7.000426 14.920676 25.251905 37.183589 49.991223 63.119669 76.182142 88.929094 101.212112 112.952557 124.117566 134.702982 144.721793 3.209194 11.793552 23.482227 36.101383 48.207567 59.050371 68.352427 76.108595 82.447973 87.551035 91.604828 94.781656 97.231073 99.078764 100.428567 
50 50 50 0.236122 2.256230 7.240883 15.101845 25.115617 36.475147 48.515246 60.758032 72.888780 84.714731 96.126973 107.071064 117.526418 127.492681 136.981083 3.193847 11.610828 22.843393 34.748754 46.020655 56.051424 64.663998 71.904270 77.913773 82.860958 86.908272 90.199079 92.854581 94.975227 96.643690 
50 50 50 0.257598 2.365191 7.380876 15.054637 24.605710 35.263555 46.441812 57.745245 68.927076 79.842721 90.413242 100.599955 110.388037 119.776426 128.771813 3.148385 11.309941 21.977573 33.091248 43.508082 52.760527 60.753938 67.564606 73.329873 78.195572 82.294467 85.739912 88.626168 91.031083 93.019177 
50 50 50 0.278322 2.449392 7.422090 14.800066 23.780899 33.657926 43.934301 54.295098 64.552574 74.599803 84.378508 93.858741 103.026794 111.878247 120.414083 3.077513 10.912373 20.939056 31.225585 40.805830 49.339612 56.792913 63.253166 68.841034 73.673910 77.853912 81.466318 84.581712 87.258911 89.547591 
